0 50 0.795456051826477 
1 50 0.5212446451187134 
2 50 0.5660379528999329 
3 50 0.5143532156944275 
4 50 0.3416023254394531 
5 50 0.2931801676750183 
6 50 0.1944793164730072 
7 50 0.18851929903030396 
8 50 0.1470244973897934 
9 50 0.14019078016281128 
10 50 0.11523403227329254 
11 50 0.1070355549454689 
12 50 0.10455681383609772 
13 50 0.10543228685855865 
14 50 0.06681059300899506 
15 50 0.09513014554977417 
16 50 0.0793483704328537 
17 50 0.08891191333532333 
18 50 0.06853979080915451 
19 50 0.05910610035061836 
20 50 0.05115380138158798 
21 50 0.06874585151672363 
22 50 0.05698571354150772 
23 50 0.049323536455631256 
24 50 0.06664391607046127 
25 50 0.05773074924945831 
26 50 0.05160658061504364 
27 50 0.033827509731054306 
28 50 0.040777795016765594 
29 50 0.048894867300987244 
30 50 0.039512649178504944 
31 50 0.04421323537826538 
32 50 0.039922989904880524 
33 50 0.038811638951301575 
34 50 0.033579207956790924 
35 50 0.027401873841881752 
36 50 0.029012169688940048 
37 50 0.027744852006435394 
38 50 0.03272148221731186 
39 50 0.049587663263082504 
40 50 0.025773143395781517 
41 50 0.026729390025138855 
42 50 0.028527075424790382 
43 50 0.03443855792284012 
44 50 0.03135291114449501 
45 50 0.03061528317630291 
46 50 0.02367893047630787 
47 50 0.024380940943956375 
48 50 0.023910505697131157 
49 50 0.01348118856549263 
0 40 0.5499241948127747 
1 40 0.48508167266845703 
2 40 0.40539661049842834 
3 40 0.34858015179634094 
4 40 0.3555734157562256 
5 40 0.32774102687835693 
6 40 0.2983494699001312 
7 40 0.2705748975276947 
8 40 0.25013208389282227 
9 40 0.21610797941684723 
10 40 0.18049030005931854 
11 40 0.16343115270137787 
12 40 0.14024756848812103 
13 40 0.1349780112504959 
14 40 0.11337488144636154 
15 40 0.12052594125270844 
16 40 0.10530649870634079 
17 40 0.11036333441734314 
18 40 0.08456790447235107 
19 40 0.07209314405918121 
20 40 0.058448150753974915 
21 40 0.07588029652833939 
22 40 0.05886698141694069 
23 40 0.05367784574627876 
24 40 0.0685206800699234 
25 40 0.059503842145204544 
26 40 0.052395835518836975 
27 40 0.035355500876903534 
28 40 0.04350520670413971 
29 40 0.04954080283641815 
30 40 0.03944459185004234 
31 40 0.04339274764060974 
32 40 0.03838339075446129 
33 40 0.036823078989982605 
34 40 0.03101499006152153 
35 40 0.02530450001358986 
36 40 0.0255459975451231 
37 40 0.024613816291093826 
38 40 0.02988392859697342 
39 40 0.043849602341651917 
