0 300 1.4720219373703003 
1 300 1.0089447498321533 
2 300 1.006408929824829 
3 300 1.006408929824829 
4 300 1.006408929824829 
5 300 1.006408929824829 
6 300 1.006408929824829 
7 300 1.006408929824829 
8 300 1.006408929824829 
9 300 1.006408929824829 
10 300 1.006408929824829 
11 300 1.006408929824829 
12 300 1.006408929824829 
13 300 1.006408929824829 
14 300 1.006408929824829 
15 300 1.006408929824829 
16 300 1.006408929824829 
17 300 1.006408929824829 
18 300 1.006408929824829 
19 300 1.006408929824829 
20 300 1.006408929824829 
21 300 1.006408929824829 
22 300 1.006408929824829 
23 300 1.006408929824829 
24 300 1.006408929824829 
25 300 1.006408929824829 
26 300 1.006408929824829 
27 300 1.006408929824829 
28 300 1.006408929824829 
29 300 1.006408929824829 
30 300 1.006408929824829 
31 300 1.006408929824829 
32 300 1.006408929824829 
33 300 1.006408929824829 
34 300 1.006408929824829 
35 300 1.006408929824829 
36 300 1.006408929824829 
37 300 1.006408929824829 
38 300 1.006408929824829 
39 300 1.006408929824829 
40 300 1.006408929824829 
41 300 1.006408929824829 
42 300 1.006408929824829 
43 300 1.006408929824829 
44 300 1.006408929824829 
45 300 1.006408929824829 
46 300 1.006408929824829 
47 300 1.006408929824829 
48 300 1.006408929824829 
49 300 1.006408929824829 
50 300 1.006408929824829 
51 300 1.006408929824829 
52 300 1.006408929824829 
53 300 1.006408929824829 
54 300 1.006408929824829 
55 300 1.006408929824829 
56 300 1.006408929824829 
57 300 1.006408929824829 
58 300 1.006408929824829 
59 300 1.006408929824829 
60 300 1.006408929824829 
61 300 1.006408929824829 
62 300 1.006408929824829 
63 300 1.006408929824829 
64 300 1.006408929824829 
65 300 1.006408929824829 
66 300 1.006408929824829 
67 300 1.006408929824829 
68 300 1.006408929824829 
69 300 1.006408929824829 
70 300 1.006408929824829 
71 300 1.006408929824829 
72 300 1.006408929824829 
73 300 1.006408929824829 
74 300 1.006408929824829 
75 300 1.006408929824829 
76 300 1.006408929824829 
77 300 1.006408929824829 
78 300 1.006408929824829 
79 300 1.006408929824829 
80 300 1.006408929824829 
81 300 1.006408929824829 
82 300 1.006408929824829 
83 300 1.006408929824829 
84 300 1.006408929824829 
85 300 1.006408929824829 
86 300 1.006408929824829 
87 300 1.006408929824829 
88 300 1.006408929824829 
89 300 1.006408929824829 
90 300 1.006408929824829 
91 300 1.006408929824829 
92 300 1.006408929824829 
93 300 1.006408929824829 
94 300 1.006408929824829 
95 300 1.006408929824829 
96 300 1.006408929824829 
97 300 1.006408929824829 
98 300 1.006408929824829 
99 300 1.006408929824829 
100 300 1.006408929824829 
101 300 1.006408929824829 
102 300 1.006408929824829 
103 300 1.006408929824829 
104 300 1.006408929824829 
105 300 1.006408929824829 
106 300 1.006408929824829 
107 300 1.006408929824829 
108 300 1.006408929824829 
109 300 1.006408929824829 
110 300 1.006408929824829 
111 300 1.006408929824829 
112 300 1.006408929824829 
113 300 1.006408929824829 
114 300 1.006408929824829 
115 300 1.006408929824829 
116 300 1.006408929824829 
117 300 1.006408929824829 
118 300 1.006408929824829 
119 300 1.006408929824829 
120 300 1.006408929824829 
121 300 1.006408929824829 
122 300 1.006408929824829 
123 300 1.006408929824829 
124 300 1.006408929824829 
125 300 1.006408929824829 
126 300 1.006408929824829 
127 300 1.006408929824829 
128 300 1.006408929824829 
129 300 1.006408929824829 
130 300 1.006408929824829 
131 300 1.006408929824829 
132 300 1.006408929824829 
133 300 1.006408929824829 
134 300 1.006408929824829 
135 300 1.006408929824829 
136 300 1.006408929824829 
137 300 1.006408929824829 
138 300 1.006408929824829 
139 300 1.006408929824829 
140 300 1.006408929824829 
141 300 1.006408929824829 
142 300 1.006408929824829 
143 300 1.006408929824829 
144 300 1.006408929824829 
145 300 1.006408929824829 
146 300 1.006408929824829 
147 300 1.006408929824829 
148 300 1.006408929824829 
149 300 1.006408929824829 
150 300 1.006408929824829 
151 300 1.006408929824829 
152 300 1.006408929824829 
153 300 1.006408929824829 
154 300 1.006408929824829 
155 300 1.006408929824829 
156 300 1.006408929824829 
157 300 1.006408929824829 
158 300 1.006408929824829 
159 300 1.006408929824829 
160 300 1.006408929824829 
161 300 1.006408929824829 
162 300 1.006408929824829 
163 300 1.006408929824829 
164 300 1.006408929824829 
165 300 1.006408929824829 
166 300 1.006408929824829 
167 300 1.006408929824829 
168 300 1.006408929824829 
169 300 1.006408929824829 
170 300 1.006408929824829 
171 300 1.006408929824829 
172 300 1.006408929824829 
173 300 1.006408929824829 
174 300 1.006408929824829 
175 300 1.006408929824829 
176 300 1.006408929824829 
177 300 1.006408929824829 
178 300 1.006408929824829 
179 300 1.006408929824829 
180 300 1.006408929824829 
181 300 1.006408929824829 
182 300 1.006408929824829 
183 300 1.006408929824829 
184 300 1.006408929824829 
185 300 1.006408929824829 
186 300 1.006408929824829 
187 300 1.006408929824829 
188 300 1.006408929824829 
189 300 1.006408929824829 
190 300 1.006408929824829 
191 300 1.006408929824829 
192 300 1.006408929824829 
193 300 1.006408929824829 
194 300 1.006408929824829 
195 300 1.006408929824829 
196 300 1.006408929824829 
197 300 1.006408929824829 
198 300 1.006408929824829 
199 300 1.006408929824829 
200 300 1.006408929824829 
201 300 1.006408929824829 
202 300 1.006408929824829 
203 300 1.006408929824829 
204 300 1.006408929824829 
205 300 1.006408929824829 
206 300 1.006408929824829 
207 300 1.006408929824829 
208 300 1.006408929824829 
209 300 1.006408929824829 
210 300 1.006408929824829 
211 300 1.006408929824829 
212 300 1.006408929824829 
213 300 1.006408929824829 
214 300 1.006408929824829 
215 300 1.006408929824829 
216 300 1.006408929824829 
217 300 1.006408929824829 
218 300 1.006408929824829 
219 300 1.006408929824829 
220 300 1.006408929824829 
221 300 1.006408929824829 
222 300 1.006408929824829 
223 300 1.006408929824829 
224 300 1.006408929824829 
225 300 1.006408929824829 
226 300 1.006408929824829 
227 300 1.006408929824829 
228 300 1.006408929824829 
229 300 1.006408929824829 
230 300 1.006408929824829 
231 300 1.006408929824829 
232 300 1.006408929824829 
233 300 1.006408929824829 
234 300 1.006408929824829 
235 300 1.006408929824829 
236 300 1.006408929824829 
237 300 1.006408929824829 
238 300 1.006408929824829 
239 300 1.006408929824829 
240 300 1.006408929824829 
241 300 1.006408929824829 
242 300 1.006408929824829 
243 300 1.006408929824829 
244 300 1.006408929824829 
245 300 1.006408929824829 
246 300 1.006408929824829 
247 300 1.006408929824829 
248 300 1.006408929824829 
249 300 1.006408929824829 
250 300 1.006408929824829 
251 300 1.006408929824829 
252 300 1.006408929824829 
253 300 1.006408929824829 
254 300 1.006408929824829 
255 300 1.006408929824829 
256 300 1.006408929824829 
257 300 1.006408929824829 
258 300 1.006408929824829 
259 300 1.006408929824829 
260 300 1.006408929824829 
261 300 1.006408929824829 
262 300 1.006408929824829 
263 300 1.006408929824829 
264 300 1.006408929824829 
265 300 1.006408929824829 
266 300 1.006408929824829 
267 300 1.006408929824829 
268 300 1.006408929824829 
269 300 1.006408929824829 
270 300 1.006408929824829 
271 300 1.006408929824829 
272 300 1.006408929824829 
273 300 1.006408929824829 
274 300 1.006408929824829 
275 300 1.006408929824829 
276 300 1.006408929824829 
277 300 1.006408929824829 
278 300 1.006408929824829 
279 300 1.006408929824829 
280 300 1.006408929824829 
281 300 1.006408929824829 
282 300 1.006408929824829 
283 300 1.006408929824829 
284 300 1.006408929824829 
285 300 1.006408929824829 
286 300 1.006408929824829 
287 300 1.006408929824829 
288 300 1.006408929824829 
289 300 1.006408929824829 
290 300 1.006408929824829 
291 300 1.006408929824829 
292 300 1.006408929824829 
293 300 1.006408929824829 
294 300 1.006408929824829 
295 300 1.006408929824829 
296 300 1.006408929824829 
297 300 1.006408929824829 
298 300 1.006408929824829 
299 300 1.006408929824829 
