0 1000 0.7639214396476746 
1 1000 0.5537919998168945 
2 1000 0.5529954433441162 
3 1000 0.4976087212562561 
4 1000 0.4422958493232727 
5 1000 0.4120784401893616 
6 1000 0.3361648917198181 
7 1000 0.30709779262542725 
8 1000 0.27850422263145447 
9 1000 0.28570929169654846 
10 1000 0.2509251832962036 
11 1000 0.23837268352508545 
12 1000 0.22977007925510406 
13 1000 0.23128673434257507 
14 1000 0.15507110953330994 
15 1000 0.1853545755147934 
16 1000 0.15319137275218964 
17 1000 0.1519019454717636 
18 1000 0.12184619903564453 
19 1000 0.10171356052160263 
20 1000 0.08047567307949066 
21 1000 0.0953812524676323 
22 1000 0.08065883070230484 
23 1000 0.06833167374134064 
24 1000 0.09051299095153809 
25 1000 0.07856268435716629 
26 1000 0.0692935660481453 
27 1000 0.046307630836963654 
28 1000 0.0560571551322937 
29 1000 0.0644940584897995 
30 1000 0.04871656745672226 
31 1000 0.05656696483492851 
32 1000 0.0491860955953598 
33 1000 0.048393331468105316 
34 1000 0.03935191035270691 
35 1000 0.03373778611421585 
36 1000 0.03486749157309532 
37 1000 0.03071046993136406 
38 1000 0.041064247488975525 
39 1000 0.060180485248565674 
40 1000 0.031134437769651413 
41 1000 0.031116392463445663 
42 1000 0.03247871994972229 
43 1000 0.03884713351726532 
44 1000 0.035607099533081055 
45 1000 0.0349450409412384 
46 1000 0.026779014617204666 
47 1000 0.027898168191313744 
48 1000 0.026508647948503494 
49 1000 0.01585010439157486 
50 1000 0.02603469043970108 
51 1000 0.021993322297930717 
52 1000 0.0220717154443264 
53 1000 0.024079132825136185 
54 1000 0.025861533358693123 
55 1000 0.02449321374297142 
56 1000 0.01699194312095642 
57 1000 0.019113600254058838 
58 1000 0.016736328601837158 
59 1000 0.01719912327826023 
60 1000 0.023094095289707184 
61 1000 0.01531712245196104 
62 1000 0.010302228853106499 
63 1000 0.017791733145713806 
64 1000 0.013755698688328266 
65 1000 0.021560676395893097 
66 1000 0.016477961093187332 
67 1000 0.020504601299762726 
68 1000 0.016240373253822327 
69 1000 0.01944880746304989 
70 1000 0.015654249116778374 
71 1000 0.01357407309114933 
72 1000 0.022734444588422775 
73 1000 0.01844255067408085 
74 1000 0.014707920141518116 
75 1000 0.014091674238443375 
76 1000 0.022886838763952255 
77 1000 0.01769319921731949 
78 1000 0.013736949302256107 
79 1000 0.011263074353337288 
80 1000 0.011683483608067036 
81 1000 0.013953065499663353 
82 1000 0.02108752727508545 
83 1000 0.01536494866013527 
84 1000 0.009134328924119473 
85 1000 0.008522814139723778 
86 1000 0.01028335839509964 
87 1000 0.015426475554704666 
88 1000 0.018959902226924896 
89 1000 0.012282062321901321 
90 1000 0.014007891528308392 
91 1000 0.012575344182550907 
92 1000 0.013833731412887573 
93 1000 0.00955347903072834 
94 1000 0.01190229132771492 
95 1000 0.01234728004783392 
96 1000 0.011384817771613598 
97 1000 0.009489892050623894 
98 1000 0.010074520483613014 
99 1000 0.006427801214158535 
100 1000 0.007449461612850428 
101 1000 0.00986713357269764 
102 1000 0.009230881929397583 
103 1000 0.011691557243466377 
104 1000 0.00804093200713396 
105 1000 0.011519866064190865 
106 1000 0.009845787659287453 
107 1000 0.00851159542798996 
108 1000 0.007191850803792477 
109 1000 0.0104518486186862 
110 1000 0.012452367693185806 
111 1000 0.006652669049799442 
112 1000 0.00846684817224741 
113 1000 0.009065448306500912 
114 1000 0.011734433472156525 
115 1000 0.007442130707204342 
116 1000 0.012772653251886368 
117 1000 0.007403907831758261 
118 1000 0.007090338505804539 
119 1000 0.011076685041189194 
120 1000 0.008083845488727093 
121 1000 0.005063025746494532 
122 1000 0.01140925008803606 
123 1000 0.010464947670698166 
124 1000 0.007053247187286615 
125 1000 0.010836221277713776 
126 1000 0.009040706790983677 
127 1000 0.006096418481320143 
128 1000 0.006041810382157564 
129 1000 0.007850855588912964 
130 1000 0.010005849413573742 
131 1000 0.011400221846997738 
132 1000 0.006806176621466875 
133 1000 0.00751768471673131 
134 1000 0.008285420015454292 
135 1000 0.007381505332887173 
136 1000 0.004953354597091675 
137 1000 0.006905539892613888 
138 1000 0.0058584860526025295 
139 1000 0.008580736815929413 
140 1000 0.009567489847540855 
141 1000 0.004817860201001167 
142 1000 0.0071590859442949295 
143 1000 0.006253080442547798 
144 1000 0.012331515550613403 
145 1000 0.007280207704752684 
146 1000 0.005903682671487331 
147 1000 0.008092082105576992 
148 1000 0.007714609615504742 
149 1000 0.00920293852686882 
150 1000 0.005718105472624302 
151 1000 0.007737480103969574 
152 1000 0.008971424773335457 
153 1000 0.010235350579023361 
154 1000 0.005356305744498968 
155 1000 0.009006902575492859 
156 1000 0.003974218852818012 
157 1000 0.008438626304268837 
158 1000 0.0063728466629981995 
159 1000 0.005845558829605579 
160 1000 0.00625608442351222 
161 1000 0.007307925261557102 
162 1000 0.00763520784676075 
163 1000 0.006477453745901585 
164 1000 0.0057945894077420235 
165 1000 0.005561134312301874 
166 1000 0.008161148987710476 
167 1000 0.006217528134584427 
168 1000 0.008286909200251102 
169 1000 0.005221773870289326 
170 1000 0.0067032137885689735 
171 1000 0.007509804330766201 
172 1000 0.005858303513377905 
173 1000 0.005042403005063534 
174 1000 0.007009346969425678 
175 1000 0.006011034362018108 
176 1000 0.003857765346765518 
177 1000 0.007836328819394112 
178 1000 0.00677942531183362 
179 1000 0.007508240174502134 
180 1000 0.0038971402682363987 
181 1000 0.004551630932837725 
182 1000 0.005252351984381676 
183 1000 0.006349676288664341 
184 1000 0.003602026030421257 
185 1000 0.005364303011447191 
186 1000 0.005762625951319933 
187 1000 0.005950275808572769 
188 1000 0.005144981667399406 
189 1000 0.006665118504315615 
190 1000 0.004225239157676697 
191 1000 0.004468326456844807 
192 1000 0.0035058269277215004 
193 1000 0.006658879108726978 
194 1000 0.005092213861644268 
195 1000 0.006367963273078203 
196 1000 0.005606598220765591 
197 1000 0.005200440064072609 
198 1000 0.004233806859701872 
199 1000 0.004944127984344959 
200 1000 0.00383892934769392 
201 1000 0.006096911616623402 
202 1000 0.006917477119714022 
203 1000 0.0035468845162540674 
204 1000 0.003470460418611765 
205 1000 0.0038608075119554996 
206 1000 0.004623583517968655 
207 1000 0.004845328629016876 
208 1000 0.005902178585529327 
209 1000 0.004845957737416029 
210 1000 0.005209839902818203 
211 1000 0.003847922431305051 
212 1000 0.0050098830834031105 
213 1000 0.004085074178874493 
214 1000 0.007098509930074215 
215 1000 0.005362830124795437 
216 1000 0.004707577172666788 
217 1000 0.004065439570695162 
218 1000 0.005634241737425327 
219 1000 0.0036426647566258907 
220 1000 0.006432226859033108 
221 1000 0.005007528699934483 
222 1000 0.003756777849048376 
223 1000 0.006301239598542452 
224 1000 0.004721345379948616 
225 1000 0.004787229001522064 
226 1000 0.0045813266187906265 
227 1000 0.004473036155104637 
228 1000 0.004395362455397844 
229 1000 0.003909151069819927 
230 1000 0.00397574994713068 
231 1000 0.004534162115305662 
232 1000 0.006717931013554335 
233 1000 0.0035882610827684402 
234 1000 0.005459166131913662 
235 1000 0.008911924436688423 
236 1000 0.004132834728807211 
237 1000 0.004607744049280882 
238 1000 0.00462228711694479 
239 1000 0.004572678357362747 
240 1000 0.00467683793976903 
241 1000 0.004477391950786114 
242 1000 0.002949234563857317 
243 1000 0.006051583215594292 
244 1000 0.005878071300685406 
245 1000 0.0032151592895388603 
246 1000 0.003277176758274436 
247 1000 0.004843106027692556 
248 1000 0.0031071659177541733 
249 1000 0.0053585367277264595 
250 1000 0.006184681318700314 
251 1000 0.0034051290713250637 
252 1000 0.00598729494959116 
253 1000 0.004224379546940327 
254 1000 0.0069303992204368114 
255 1000 0.004438294097781181 
256 1000 0.0029265342745929956 
257 1000 0.0045841652899980545 
258 1000 0.0027395531069487333 
259 1000 0.003002869663760066 
260 1000 0.006670863833278418 
261 1000 0.0034113263245671988 
262 1000 0.006050559692084789 
263 1000 0.0028220105450600386 
264 1000 0.003908385057002306 
265 1000 0.0034630312584340572 
266 1000 0.004642573185265064 
267 1000 0.0038863476365804672 
268 1000 0.005342815537005663 
269 1000 0.002658533165231347 
270 1000 0.00330172386020422 
271 1000 0.004338353872299194 
272 1000 0.0034203846007585526 
273 1000 0.004471292719244957 
274 1000 0.0039050979539752007 
275 1000 0.004071555100381374 
276 1000 0.0033951608929783106 
277 1000 0.004208360332995653 
278 1000 0.00341691542416811 
279 1000 0.0041429428383708 
280 1000 0.0033489351626485586 
281 1000 0.003368539037182927 
282 1000 0.004166275262832642 
283 1000 0.004160812124609947 
284 1000 0.004681624472141266 
285 1000 0.0036137292627245188 
286 1000 0.0028061200864613056 
287 1000 0.002077399054542184 
288 1000 0.0017652377719059587 
289 1000 0.002447952050715685 
290 1000 0.003042670665308833 
291 1000 0.004217522218823433 
292 1000 0.003125241491943598 
293 1000 0.002929507987573743 
294 1000 0.004312928766012192 
295 1000 0.005239277146756649 
296 1000 0.0031626615673303604 
297 1000 0.003798759076744318 
298 1000 0.0038290508091449738 
299 1000 0.002774714957922697 
300 1000 0.0032542524859309196 
301 1000 0.0038571972399950027 
302 1000 0.004708702675998211 
303 1000 0.003482112428173423 
304 1000 0.00495491549372673 
305 1000 0.004628639668226242 
306 1000 0.004793543368577957 
307 1000 0.003968464210629463 
308 1000 0.002886097878217697 
309 1000 0.0020704602357000113 
310 1000 0.0031534675508737564 
311 1000 0.0028828405775129795 
312 1000 0.004286099225282669 
313 1000 0.0024288720451295376 
314 1000 0.00383693166077137 
315 1000 0.0027377111837267876 
316 1000 0.0030139468144625425 
317 1000 0.00404549203813076 
318 1000 0.0037468736991286278 
319 1000 0.0024712509475648403 
320 1000 0.0033310893923044205 
321 1000 0.004042650572955608 
322 1000 0.0028649386949837208 
323 1000 0.003576562274247408 
324 1000 0.0018285412807017565 
325 1000 0.003872445086017251 
326 1000 0.0023801238276064396 
327 1000 0.0031698872335255146 
328 1000 0.002998931799083948 
329 1000 0.0033876511733978987 
330 1000 0.002500757109373808 
331 1000 0.0029642502777278423 
332 1000 0.0021578697487711906 
333 1000 0.0026187216863036156 
334 1000 0.0030343702528625727 
335 1000 0.0041928980499506 
336 1000 0.002380046062171459 
337 1000 0.0028226766735315323 
338 1000 0.0031541180796921253 
339 1000 0.002343535888940096 
340 1000 0.0040178787894546986 
341 1000 0.0035008518025279045 
342 1000 0.003621297422796488 
343 1000 0.001885605975985527 
344 1000 0.002318474929779768 
345 1000 0.003372281789779663 
346 1000 0.002519179368391633 
347 1000 0.0019924852531403303 
348 1000 0.003243542741984129 
349 1000 0.0023216810077428818 
350 1000 0.002596353180706501 
351 1000 0.002945618238300085 
352 1000 0.0023431892041116953 
353 1000 0.0032687773928046227 
354 1000 0.0022210676688700914 
355 1000 0.002379478421062231 
356 1000 0.004126652143895626 
357 1000 0.002527012722566724 
358 1000 0.0028566825203597546 
359 1000 0.0036415443755686283 
360 1000 0.002276242710649967 
361 1000 0.003978572320193052 
362 1000 0.0015516282292082906 
363 1000 0.002717793919146061 
364 1000 0.003313768655061722 
365 1000 0.0028203576803207397 
366 1000 0.0030842721462249756 
367 1000 0.0030694594606757164 
368 1000 0.001952564693056047 
369 1000 0.0025805896148085594 
370 1000 0.0025516864843666553 
371 1000 0.002228728262707591 
372 1000 0.0030925292521715164 
373 1000 0.0027988124638795853 
374 1000 0.0033859347458928823 
375 1000 0.0029138256795704365 
376 1000 0.0036104372702538967 
377 1000 0.003004757221788168 
378 1000 0.0019408413209021091 
379 1000 0.0022812196984887123 
380 1000 0.0024090618826448917 
381 1000 0.003514512674883008 
382 1000 0.0015848407056182623 
383 1000 0.0023967716842889786 
384 1000 0.0021174107678234577 
385 1000 0.002975011244416237 
386 1000 0.0028359144926071167 
387 1000 0.0018502810271456838 
388 1000 0.002865907270461321 
389 1000 0.001862107776105404 
390 1000 0.0034549590200185776 
391 1000 0.0028111073188483715 
392 1000 0.0018847782630473375 
393 1000 0.0024856659583747387 
394 1000 0.00217804335989058 
395 1000 0.002974201925098896 
396 1000 0.002441877732053399 
397 1000 0.0022808120120316744 
398 1000 0.0018400285625830293 
399 1000 0.002892258809879422 
400 1000 0.0027943046297878027 
401 1000 0.002069467678666115 
402 1000 0.0027919153217226267 
403 1000 0.0022309673950076103 
404 1000 0.0017856040503829718 
405 1000 0.0022852106485515833 
406 1000 0.00302064698189497 
407 1000 0.002226365264505148 
408 1000 0.002946475986391306 
409 1000 0.0030908784829080105 
410 1000 0.0019418661249801517 
411 1000 0.002749372273683548 
412 1000 0.00227199774235487 
413 1000 0.0023399086203426123 
414 1000 0.0030015837401151657 
415 1000 0.0019760248251259327 
416 1000 0.0016781315207481384 
417 1000 0.0017760808113962412 
418 1000 0.0016686315648257732 
419 1000 0.0026212369557470083 
420 1000 0.001815031049773097 
421 1000 0.0022235915530472994 
422 1000 0.001326338155195117 
423 1000 0.0022622314281761646 
424 1000 0.0025942809879779816 
425 1000 0.0018771430477499962 
426 1000 0.0019361739978194237 
427 1000 0.00215579173527658 
428 1000 0.0022658631205558777 
429 1000 0.0019408285152167082 
430 1000 0.003960396163165569 
431 1000 0.0025702731218189 
432 1000 0.002110895700752735 
433 1000 0.001956378808245063 
434 1000 0.0021983468905091286 
435 1000 0.002242004731670022 
436 1000 0.0016926433891057968 
437 1000 0.001930059865117073 
438 1000 0.0025118254125118256 
439 1000 0.003947100136429071 
440 1000 0.0015967019135132432 
441 1000 0.0021510294172912836 
442 1000 0.0021081184968352318 
443 1000 0.002120216144248843 
444 1000 0.0021130729001015425 
445 1000 0.0013248783070594072 
446 1000 0.0026349113322794437 
447 1000 0.0014743641950190067 
448 1000 0.002703810343518853 
449 1000 0.001404886832460761 
450 1000 0.0021899715065956116 
451 1000 0.0017002143431454897 
452 1000 0.0027089251670986414 
453 1000 0.0022446978837251663 
454 1000 0.0018494059331715107 
455 1000 0.0019023447530344129 
456 1000 0.0022829719819128513 
457 1000 0.0020138598047196865 
458 1000 0.0022755926474928856 
459 1000 0.002235984429717064 
460 1000 0.0013976204209029675 
461 1000 0.0021362346597015858 
462 1000 0.0029190739151090384 
463 1000 0.001863668905571103 
464 1000 0.0029045729897916317 
465 1000 0.001740488689392805 
466 1000 0.002882093656808138 
467 1000 0.002434884663671255 
468 1000 0.002057034522294998 
469 1000 0.0018567456863820553 
470 1000 0.0023095007054507732 
471 1000 0.0022416843567043543 
472 1000 0.0015142911579459906 
473 1000 0.0032945764251053333 
474 1000 0.0020348899997770786 
475 1000 0.0027946485206484795 
476 1000 0.0017961645498871803 
477 1000 0.0012764642015099525 
478 1000 0.0015752546023577452 
479 1000 0.001848903251811862 
480 1000 0.0013235914520919323 
481 1000 0.0021334621123969555 
482 1000 0.0022241156548261642 
483 1000 0.0012158174067735672 
484 1000 0.0017418304923921824 
485 1000 0.0023114432115107775 
486 1000 0.002325677778571844 
487 1000 0.0015148604288697243 
488 1000 0.001658315071836114 
489 1000 0.0022736252285540104 
490 1000 0.0014185262843966484 
491 1000 0.002239649184048176 
492 1000 0.0023296161089092493 
493 1000 0.0012273797765374184 
494 1000 0.0024111242964863777 
495 1000 0.0019249595934525132 
496 1000 0.0021142764016985893 
497 1000 0.0011560511775314808 
498 1000 0.0017957522068172693 
499 1000 0.002023406559601426 
500 1000 0.002160985954105854 
501 1000 0.0022108007688075304 
502 1000 0.0019037891179323196 
503 1000 0.002730999141931534 
504 1000 0.0023269953671842813 
505 1000 0.0023727910593152046 
506 1000 0.0023440285585820675 
507 1000 0.0024861826095730066 
508 1000 0.001818089629523456 
509 1000 0.0021591493859887123 
510 1000 0.002609189134091139 
511 1000 0.0017510915640741587 
512 1000 0.00224897894077003 
513 1000 0.0029080442618578672 
514 1000 0.0020651905797421932 
515 1000 0.0011431549210101366 
516 1000 0.0023456376511603594 
517 1000 0.001689918921329081 
518 1000 0.0015703851822763681 
519 1000 0.0010197507217526436 
520 1000 0.0019294223748147488 
521 1000 0.002553701400756836 
522 1000 0.001754513941705227 
523 1000 0.0016252370551228523 
524 1000 0.0018592013511806726 
525 1000 0.002190116560086608 
526 1000 0.002516004955396056 
527 1000 0.0019095957977697253 
528 1000 0.002322645392268896 
529 1000 0.0015674233436584473 
530 1000 0.0022471025586128235 
531 1000 0.0017845334950834513 
532 1000 0.001628489000722766 
533 1000 0.0020114737562835217 
534 1000 0.002169632352888584 
535 1000 0.0018341261893510818 
536 1000 0.0018132512923330069 
537 1000 0.0020521373953670263 
538 1000 0.002319749677553773 
539 1000 0.002525600139051676 
540 1000 0.0018379476387053728 
541 1000 0.0008406820707023144 
542 1000 0.0017960404511541128 
543 1000 0.0013496475294232368 
544 1000 0.0025902953930199146 
545 1000 0.001747224130667746 
546 1000 0.0024693626910448074 
547 1000 0.0016460961196571589 
548 1000 0.0014862583484500647 
549 1000 0.00201851362362504 
550 1000 0.0019258270040154457 
551 1000 0.0020421992521733046 
552 1000 0.002218036213889718 
553 1000 0.001595783163793385 
554 1000 0.0025659254752099514 
555 1000 0.0019820246379822493 
556 1000 0.0020162081345915794 
557 1000 0.0015727952122688293 
558 1000 0.001215379685163498 
559 1000 0.0022202664986252785 
560 1000 0.0021010476630181074 
561 1000 0.0023509033489972353 
562 1000 0.002069838112220168 
563 1000 0.0016957144252955914 
564 1000 0.0016082394868135452 
565 1000 0.001972232246771455 
566 1000 0.001759305945597589 
567 1000 0.0017908579902723432 
568 1000 0.0011126936879009008 
569 1000 0.002061579143628478 
570 1000 0.002390890847891569 
571 1000 0.0011097294045612216 
572 1000 0.0020725508220493793 
573 1000 0.0015929017681628466 
574 1000 0.002380979945883155 
575 1000 0.0011506134178489447 
576 1000 0.002155062509700656 
577 1000 0.001245833933353424 
578 1000 0.0017541731940582395 
579 1000 0.0023817012552171946 
580 1000 0.0013606069842353463 
581 1000 0.0015231072902679443 
582 1000 0.0010112659074366093 
583 1000 0.0020221928134560585 
584 1000 0.002199075184762478 
585 1000 0.002371692331507802 
586 1000 0.0021249994169920683 
587 1000 0.0021995825227349997 
588 1000 0.0011184212053194642 
589 1000 0.001404212205670774 
590 1000 0.0017787627875804901 
591 1000 0.001967489719390869 
592 1000 0.0011226562783122063 
593 1000 0.0017027287976816297 
594 1000 0.002153924200683832 
595 1000 0.0018070923397317529 
596 1000 0.0013934776652604342 
597 1000 0.0018482551677152514 
598 1000 0.0015075306873768568 
599 1000 0.0009762225672602654 
600 1000 0.0018502359744161367 
601 1000 0.0017211709637194872 
602 1000 0.001543201506137848 
603 1000 0.0021062768064439297 
604 1000 0.0015657241456210613 
605 1000 0.0012562582269310951 
606 1000 0.0014457900542765856 
607 1000 0.0017779867630451918 
608 1000 0.0018845516024157405 
609 1000 0.001371170044876635 
610 1000 0.001243574544787407 
611 1000 0.001623865682631731 
612 1000 0.001386918593198061 
613 1000 0.0014245712663978338 
614 1000 0.0015748568112030625 
615 1000 0.002195517299696803 
616 1000 0.001823347294703126 
617 1000 0.001064774114638567 
618 1000 0.001728508505038917 
619 1000 0.0012320592068135738 
620 1000 0.001955668441951275 
621 1000 0.001571259810589254 
622 1000 0.001476431847549975 
623 1000 0.0020397636108100414 
624 1000 0.0013171928003430367 
625 1000 0.00152379903011024 
626 1000 0.0018472198862582445 
627 1000 0.002317689824849367 
628 1000 0.0015267545823007822 
629 1000 0.0017892515752464533 
630 1000 0.0012293942272663116 
631 1000 0.0015123109333217144 
632 1000 0.001852294197306037 
633 1000 0.0009156275191344321 
634 1000 0.0019610575400292873 
635 1000 0.0017686327919363976 
636 1000 0.0010999119840562344 
637 1000 0.001594523899257183 
638 1000 0.0015686990227550268 
639 1000 0.0013720360584557056 
640 1000 0.0017836198676377535 
641 1000 0.002515296218916774 
642 1000 0.0014630714431405067 
643 1000 0.0011221010936424136 
644 1000 0.002397968200966716 
645 1000 0.0011938950046896935 
646 1000 0.0010842742631211877 
647 1000 0.0018471955554559827 
648 1000 0.0026014901231974363 
649 1000 0.0014884534757584333 
650 1000 0.0019818819127976894 
651 1000 0.0016549107385799289 
652 1000 0.001443739514797926 
653 1000 0.0011966845486313105 
654 1000 0.0014447116991505027 
655 1000 0.0015652088914066553 
656 1000 0.0014981657732278109 
657 1000 0.0012819154653698206 
658 1000 0.001209540874697268 
659 1000 0.0011057888623327017 
660 1000 0.0016094804741442204 
661 1000 0.0007710130303166807 
662 1000 0.0011813752353191376 
663 1000 0.0014548826729878783 
664 1000 0.0015394003130495548 
665 1000 0.0017523674760013819 
666 1000 0.0016104766400530934 
667 1000 0.0011486330768093467 
668 1000 0.0008988764020614326 
669 1000 0.000980223761871457 
670 1000 0.0013811825774610043 
671 1000 0.0012526052305474877 
672 1000 0.0014746570959687233 
673 1000 0.001319346483796835 
674 1000 0.0020597486291080713 
675 1000 0.00186984206084162 
676 1000 0.001074737636372447 
677 1000 0.0014237294672057033 
678 1000 0.0015985067002475262 
679 1000 0.0011856283526867628 
680 1000 0.0016829556552693248 
681 1000 0.0014164071762934327 
682 1000 0.002520497189834714 
683 1000 0.0011029806919395924 
684 1000 0.0015369359171018004 
685 1000 0.0017611656803637743 
686 1000 0.0012977811275050044 
687 1000 0.001127708936110139 
688 1000 0.0006816014065407217 
689 1000 0.0011200859444215894 
690 1000 0.0012926178751513362 
691 1000 0.0018292908789590001 
692 1000 0.0010564394760876894 
693 1000 0.0012155231088399887 
694 1000 0.0013132015010342002 
695 1000 0.0012722676619887352 
696 1000 0.001599998096935451 
697 1000 0.0015109835658222437 
698 1000 0.0011304477229714394 
699 1000 0.001435754238627851 
700 1000 0.0015158506575971842 
701 1000 0.0017515167128294706 
702 1000 0.0013223367277532816 
703 1000 0.0013405214995145798 
704 1000 0.0016604282427579165 
705 1000 0.0008464948041364551 
706 1000 0.0007274315576069057 
707 1000 0.0015011951327323914 
708 1000 0.0015861960127949715 
709 1000 0.0018570891115814447 
710 1000 0.0016512321308255196 
711 1000 0.001588442362844944 
712 1000 0.001151585252955556 
713 1000 0.000925080559682101 
714 1000 0.0008973368676379323 
715 1000 0.0015888502821326256 
716 1000 0.0006226762197911739 
717 1000 0.0014852479798719287 
718 1000 0.0017472587060183287 
719 1000 0.0007340186275541782 
720 1000 0.0017176629044115543 
721 1000 0.001844883430749178 
722 1000 0.0008846254204399884 
723 1000 0.0015676794573664665 
724 1000 0.0010464757215231657 
725 1000 0.0011147977784276009 
726 1000 0.001291826949454844 
727 1000 0.0015755047788843513 
728 1000 0.00147350097540766 
729 1000 0.0016153217293322086 
730 1000 0.0017163343727588654 
731 1000 0.0017229560762643814 
732 1000 0.0014582383446395397 
733 1000 0.0014319296460598707 
734 1000 0.0016579250805079937 
735 1000 0.0017077429220080376 
736 1000 0.0016064951196312904 
737 1000 0.0012557695154100657 
738 1000 0.0009163616923615336 
739 1000 0.0016218837117776275 
740 1000 0.0008995127864181995 
741 1000 0.0012103300541639328 
742 1000 0.001047748140990734 
743 1000 0.0011280904291197658 
744 1000 0.0010406954679638147 
745 1000 0.001098038163036108 
746 1000 0.001361478236503899 
747 1000 0.0018188018584623933 
748 1000 0.001039947965182364 
749 1000 0.0011280570179224014 
750 1000 0.0009794250363484025 
751 1000 0.0017107559833675623 
752 1000 0.0013927158433943987 
753 1000 0.001047167694196105 
754 1000 0.000648181710857898 
755 1000 0.0018329027807340026 
756 1000 0.0014899190282449126 
757 1000 0.0012435948010534048 
758 1000 0.0010230083717033267 
759 1000 0.0016458263853564858 
760 1000 0.001308114966377616 
761 1000 0.0009890669025480747 
762 1000 0.0011040065437555313 
763 1000 0.001077940221875906 
764 1000 0.000650133122690022 
765 1000 0.0013459096662700176 
766 1000 0.0012731009628623724 
767 1000 0.0013939967611804605 
768 1000 0.0020005060359835625 
769 1000 0.00120208237785846 
770 1000 0.0012210872955620289 
771 1000 0.0015995509456843138 
772 1000 0.0014859701041132212 
773 1000 0.0013313214294612408 
774 1000 0.000942102400586009 
775 1000 0.0009670441504567862 
776 1000 0.0017650483641773462 
777 1000 0.0016617299988865852 
778 1000 0.0009534987038932741 
779 1000 0.0011476123472675681 
780 1000 0.0018348024459555745 
781 1000 0.0013817178551107645 
782 1000 0.0007015491719357669 
783 1000 0.0013886855449527502 
784 1000 0.000965691520832479 
785 1000 0.0010653581703081727 
786 1000 0.0011186430929228663 
787 1000 0.0012958403676748276 
788 1000 0.0014805460814386606 
789 1000 0.0009200431522913277 
790 1000 0.0013420485192909837 
791 1000 0.001768978196196258 
792 1000 0.001502614701166749 
793 1000 0.0014157224213704467 
794 1000 0.0011100678239017725 
795 1000 0.0010760161094367504 
796 1000 0.0013420701725408435 
797 1000 0.0007077021873556077 
798 1000 0.0011093593202531338 
799 1000 0.0007528041023761034 
800 1000 0.0012473728274926543 
801 1000 0.0012046220945194364 
802 1000 0.0011972495121881366 
803 1000 0.0017964765429496765 
804 1000 0.0013775419211015105 
805 1000 0.002782365307211876 
806 1000 0.0013574056793004274 
807 1000 0.001621208037249744 
808 1000 0.0010795010020956397 
809 1000 0.0009299002704210579 
810 1000 0.0012257270282134414 
811 1000 0.0011116571258753538 
812 1000 0.001945823198184371 
813 1000 0.0014100682456046343 
814 1000 0.00125200767070055 
815 1000 0.0009263107203878462 
816 1000 0.0014520871918648481 
817 1000 0.0015099989250302315 
818 1000 0.0010120656806975603 
819 1000 0.0014793453738093376 
820 1000 0.0013463994255289435 
821 1000 0.0011091619962826371 
822 1000 0.0013550467556342483 
823 1000 0.0013357572024688125 
824 1000 0.0010554543696343899 
825 1000 0.0010532457381486893 
826 1000 0.0013433825224637985 
827 1000 0.0012835031375288963 
828 1000 0.0008954930817708373 
829 1000 0.001457166625186801 
830 1000 0.0010760165750980377 
831 1000 0.0008677890873514116 
832 1000 0.0014760777121409774 
833 1000 0.0010081073269248009 
834 1000 0.0015588728711009026 
835 1000 0.0011918673990294337 
836 1000 0.0015634432202205062 
837 1000 0.0007562845130451024 
838 1000 0.0013880198821425438 
839 1000 0.0011651224922388792 
840 1000 0.0013660718686878681 
841 1000 0.0016441321931779385 
842 1000 0.0014808990526944399 
843 1000 0.0011082839919254184 
844 1000 0.001178600243292749 
845 1000 0.000921764294616878 
846 1000 0.000785105163231492 
847 1000 0.0006767954910174012 
848 1000 0.0009980530012398958 
849 1000 0.0015683183446526527 
850 1000 0.0013689371990039945 
851 1000 0.0013001749757677317 
852 1000 0.0009551242692396045 
853 1000 0.0008874410996213555 
854 1000 0.001287143095396459 
855 1000 0.0008826283738017082 
856 1000 0.0005241578328423202 
857 1000 0.001429558265954256 
858 1000 0.0008445794228464365 
859 1000 0.0010417989687994123 
860 1000 0.0014273151755332947 
861 1000 0.001313339569605887 
862 1000 0.001501533784903586 
863 1000 0.000901015184354037 
864 1000 0.0009057472343556583 
865 1000 0.0008962074643932283 
866 1000 0.0007129533914849162 
867 1000 0.0008641280001029372 
868 1000 0.001886499347165227 
869 1000 0.0012353542260825634 
870 1000 0.0008826283738017082 
871 1000 0.0014123725704848766 
872 1000 0.001360827125608921 
873 1000 0.0006685000844299793 
874 1000 0.0007935616886243224 
875 1000 0.0011222336906939745 
876 1000 0.0007858053431846201 
877 1000 0.001855438225902617 
878 1000 0.000728041457477957 
879 1000 0.001289123436436057 
880 1000 0.0011585172032937407 
881 1000 0.00141620053909719 
882 1000 0.0015852651558816433 
883 1000 0.0006840708665549755 
884 1000 0.0009951961692422628 
885 1000 0.0008820249931886792 
886 1000 0.0017876087222248316 
887 1000 0.0010821458417922258 
888 1000 0.0011991406790912151 
889 1000 0.0012866526376456022 
890 1000 0.0005955217056907713 
891 1000 0.0009329745662398636 
892 1000 0.0008331640856340528 
893 1000 0.002010732889175415 
894 1000 0.001135947764851153 
895 1000 0.001167721813544631 
896 1000 0.0008562797447666526 
897 1000 0.0015380149707198143 
898 1000 0.0015005182940512896 
899 1000 0.0006811150815337896 
900 1000 0.0005714605795219541 
901 1000 0.0015386552549898624 
902 1000 0.0017226632917299867 
903 1000 0.001666923868469894 
904 1000 0.0008492388296872377 
905 1000 0.0010528278071433306 
906 1000 0.001349099213257432 
907 1000 0.001392271602526307 
908 1000 0.0008899045060388744 
909 1000 0.0010926597751677036 
910 1000 0.0015443862648680806 
911 1000 0.001580378389917314 
912 1000 0.001596276182681322 
913 1000 0.0012590186670422554 
914 1000 0.0013570641167461872 
915 1000 0.0010193116031587124 
916 1000 0.0011889422312378883 
917 1000 0.0011279975296929479 
918 1000 0.0013477373868227005 
919 1000 0.0016469820402562618 
920 1000 0.0008820139337331057 
921 1000 0.0006421867292374372 
922 1000 0.001082714879885316 
923 1000 0.0008189662476070225 
924 1000 0.0010037439642474055 
925 1000 0.0011949448380619287 
926 1000 0.00072948430897668 
927 1000 0.0017912863986566663 
928 1000 0.0008321375353261828 
929 1000 0.0007187532028183341 
930 1000 0.0012451193761080503 
931 1000 0.0010089172283187509 
932 1000 0.0007625358994118869 
933 1000 0.0011385709512978792 
934 1000 0.000998383155092597 
935 1000 0.0015142310876399279 
936 1000 0.0007371209212578833 
937 1000 0.0017999360570684075 
938 1000 0.0009978036396205425 
939 1000 0.0009352079941891134 
940 1000 0.0013890494592487812 
941 1000 0.0012185178929939866 
942 1000 0.0007976504857651889 
943 1000 0.0014158852864056826 
944 1000 0.0007908358820714056 
945 1000 0.0005278134485706687 
946 1000 0.0007127723074518144 
947 1000 0.0005744530353695154 
948 1000 0.000827782554551959 
949 1000 0.0010053024161607027 
950 1000 0.0006372305215336382 
951 1000 0.0007921584765426815 
952 1000 0.00138163473457098 
953 1000 0.0010571075836196542 
954 1000 0.0012019601417705417 
955 1000 0.0010823598131537437 
956 1000 0.0010450102854520082 
957 1000 0.0006217015907168388 
958 1000 0.0012056127889081836 
959 1000 0.0005129145574755967 
960 1000 0.0013842644402757287 
961 1000 0.0009044535690918565 
962 1000 0.0014027273282408714 
963 1000 0.0014265641802921891 
964 1000 0.001571805914863944 
965 1000 0.0009757756488397717 
966 1000 0.0011297395685687661 
967 1000 0.0012989421375095844 
968 1000 0.00037047528894618154 
969 1000 0.0009595018345862627 
970 1000 0.0009006017935462296 
971 1000 0.000742330972570926 
972 1000 0.001618086826056242 
973 1000 0.0011103295255452394 
974 1000 0.0016568730352446437 
975 1000 0.0013318822020664811 
976 1000 0.0012486760970205069 
977 1000 0.0012973948614671826 
978 1000 0.0009732643375173211 
979 1000 0.0008737213211134076 
980 1000 0.0016336975386366248 
981 1000 0.0005165567272342741 
982 1000 0.001042141579091549 
983 1000 0.0006678382633253932 
984 1000 0.001145168556831777 
985 1000 0.0012035229010507464 
986 1000 0.0007948111742734909 
987 1000 0.0007729171775281429 
988 1000 0.000994464266113937 
989 1000 0.0010354405967518687 
990 1000 0.0011387413833290339 
991 1000 0.0009683194220997393 
992 1000 0.0012649708660319448 
993 1000 0.0008760664495639503 
994 1000 0.000993934809230268 
995 1000 0.0010766553459689021 
996 1000 0.0008643333567306399 
997 1000 0.0008413821924477816 
998 1000 0.0010094536701217294 
999 1000 0.0005880722310394049 
0 1000 0.76123046875 
1 1000 0.4411129653453827 
2 1000 0.46260467171669006 
3 1000 0.4023054242134094 
4 1000 0.28785115480422974 
5 1000 0.25205373764038086 
6 1000 0.17110580205917358 
7 1000 0.16710399091243744 
8 1000 0.14083006978034973 
9 1000 0.1362941563129425 
10 1000 0.10690264403820038 
11 1000 0.09086614847183228 
12 1000 0.10175655782222748 
13 1000 0.09844827651977539 
14 1000 0.05778126418590546 
15 1000 0.08003701269626617 
16 1000 0.06291238218545914 
17 1000 0.07252071052789688 
18 1000 0.0591958649456501 
19 1000 0.052239514887332916 
20 1000 0.04185539856553078 
21 1000 0.05605461448431015 
22 1000 0.04656773805618286 
23 1000 0.04106038808822632 
24 1000 0.05332440137863159 
25 1000 0.04894836246967316 
26 1000 0.043837208300828934 
27 1000 0.02826215885579586 
28 1000 0.036826781928539276 
29 1000 0.04270946979522705 
30 1000 0.031656503677368164 
31 1000 0.03797415271401405 
32 1000 0.03409630060195923 
33 1000 0.03262653946876526 
34 1000 0.02705266699194908 
35 1000 0.022561244666576385 
36 1000 0.024133963510394096 
37 1000 0.023079082369804382 
38 1000 0.02977738156914711 
39 1000 0.04331676661968231 
40 1000 0.022585701197385788 
41 1000 0.0237149465829134 
42 1000 0.024785101413726807 
43 1000 0.02958672121167183 
44 1000 0.02669163979589939 
45 1000 0.02756686508655548 
46 1000 0.02039647474884987 
47 1000 0.0223165862262249 
48 1000 0.021285012364387512 
49 1000 0.012758218683302402 
50 1000 0.020677892491221428 
51 1000 0.017724882811307907 
52 1000 0.01793533004820347 
53 1000 0.019680414348840714 
54 1000 0.02108723111450672 
55 1000 0.02037910744547844 
56 1000 0.014528727158904076 
57 1000 0.01613815315067768 
58 1000 0.013866119086742401 
59 1000 0.014333948493003845 
60 1000 0.01935257390141487 
61 1000 0.012788734398782253 
62 1000 0.008615952916443348 
63 1000 0.01495281606912613 
64 1000 0.011664156801998615 
65 1000 0.01851615123450756 
66 1000 0.013807329349219799 
67 1000 0.01747928373515606 
68 1000 0.013649790547788143 
69 1000 0.016651807352900505 
70 1000 0.01347767747938633 
71 1000 0.011726479046046734 
72 1000 0.019909869879484177 
73 1000 0.015836158767342567 
74 1000 0.012762450613081455 
75 1000 0.01212015375494957 
76 1000 0.019883234053850174 
77 1000 0.01571512594819069 
78 1000 0.012199640274047852 
79 1000 0.010072141885757446 
80 1000 0.010374780744314194 
81 1000 0.012079188600182533 
82 1000 0.01854914054274559 
83 1000 0.013560314662754536 
84 1000 0.008167441003024578 
85 1000 0.00776688102632761 
86 1000 0.009184084832668304 
87 1000 0.013740530237555504 
88 1000 0.017061611637473106 
89 1000 0.010929051786661148 
90 1000 0.012494689784944057 
91 1000 0.011031663045287132 
92 1000 0.01251036673784256 
93 1000 0.008712518028914928 
94 1000 0.010687879286706448 
95 1000 0.010959312319755554 
96 1000 0.01012696698307991 
97 1000 0.008559424430131912 
98 1000 0.009112264961004257 
99 1000 0.005694114603102207 
100 1000 0.0066353934817016125 
101 1000 0.008830866776406765 
102 1000 0.008485434576869011 
103 1000 0.010425196960568428 
104 1000 0.007373199798166752 
105 1000 0.010541139170527458 
106 1000 0.0089487973600626 
107 1000 0.0077204471454024315 
108 1000 0.0064914645627141 
109 1000 0.009499015286564827 
110 1000 0.011286772787570953 
111 1000 0.005984782706946135 
112 1000 0.007592945359647274 
113 1000 0.008261424489319324 
114 1000 0.010596885345876217 
115 1000 0.0065591479651629925 
116 1000 0.011649293825030327 
117 1000 0.00669223815202713 
118 1000 0.006391867529600859 
119 1000 0.009995863772928715 
120 1000 0.0073429495096206665 
121 1000 0.004483507946133614 
122 1000 0.01034121960401535 
123 1000 0.009689947590231895 
124 1000 0.006436221767216921 
125 1000 0.009836145676672459 
126 1000 0.008042420260608196 
127 1000 0.0054456815123558044 
128 1000 0.00550695788115263 
129 1000 0.00693379994481802 
130 1000 0.008962336927652359 
131 1000 0.010350417345762253 
132 1000 0.006134241819381714 
133 1000 0.006978382356464863 
134 1000 0.007482575252652168 
135 1000 0.006742063444107771 
136 1000 0.004417336545884609 
137 1000 0.006204467266798019 
138 1000 0.005304181948304176 
139 1000 0.007680806331336498 
140 1000 0.008664712309837341 
141 1000 0.004262180533260107 
142 1000 0.006483713164925575 
143 1000 0.005582195706665516 
144 1000 0.011094283312559128 
145 1000 0.006483195815235376 
146 1000 0.0053022620268166065 
147 1000 0.007226652931421995 
148 1000 0.006893839221447706 
149 1000 0.008361231535673141 
150 1000 0.00509842112660408 
151 1000 0.006975928321480751 
152 1000 0.008141386322677135 
153 1000 0.00918382965028286 
154 1000 0.004886234179139137 
155 1000 0.008019806817173958 
156 1000 0.0035648171324282885 
157 1000 0.007660789880901575 
158 1000 0.005758410319685936 
159 1000 0.0051780929788947105 
160 1000 0.005588896106928587 
161 1000 0.0066480981186032295 
162 1000 0.006647131405770779 
163 1000 0.00562805263325572 
164 1000 0.005017004441469908 
165 1000 0.004914761520922184 
166 1000 0.007294392678886652 
167 1000 0.005498891696333885 
168 1000 0.007396101485937834 
169 1000 0.004525592550635338 
170 1000 0.005940935108810663 
171 1000 0.006747723091393709 
172 1000 0.0051201870664954185 
173 1000 0.0043715680949389935 
174 1000 0.006247951649129391 
175 1000 0.005330069921910763 
176 1000 0.0033875503577291965 
177 1000 0.0069394586607813835 
178 1000 0.005887346807867289 
179 1000 0.006688379682600498 
180 1000 0.003370128571987152 
181 1000 0.0040320358239114285 
182 1000 0.004385696724057198 
183 1000 0.005570237524807453 
184 1000 0.003067333484068513 
185 1000 0.004609072580933571 
186 1000 0.005126869305968285 
187 1000 0.0052143302746117115 
188 1000 0.0045453449711203575 
189 1000 0.005908070597797632 
190 1000 0.003619050607085228 
191 1000 0.003848440945148468 
192 1000 0.002907090587541461 
193 1000 0.005731257610023022 
194 1000 0.004474922548979521 
195 1000 0.005707303527742624 
196 1000 0.004848899319767952 
197 1000 0.004537632688879967 
198 1000 0.0036084377206861973 
199 1000 0.004239548463374376 
200 1000 0.003256326075643301 
201 1000 0.005314232781529427 
202 1000 0.006144835613667965 
203 1000 0.003019954077899456 
204 1000 0.002926942892372608 
205 1000 0.003192116739228368 
206 1000 0.004124773666262627 
207 1000 0.004186026751995087 
208 1000 0.0051488373428583145 
209 1000 0.004091027658432722 
210 1000 0.004517497029155493 
211 1000 0.003182759741321206 
212 1000 0.0042750951834023 
213 1000 0.0033656286541372538 
214 1000 0.0059424093924462795 
215 1000 0.004612283315509558 
216 1000 0.0041228714399039745 
217 1000 0.0032619924750179052 
218 1000 0.005001498386263847 
219 1000 0.003211634699255228 
220 1000 0.005660184659063816 
221 1000 0.004153580870479345 
222 1000 0.00318322004750371 
223 1000 0.005613933317363262 
224 1000 0.004000944085419178 
225 1000 0.004150289110839367 
226 1000 0.004006814677268267 
227 1000 0.0037649048026651144 
228 1000 0.0038007237017154694 
229 1000 0.0034910819958895445 
230 1000 0.0033983944449573755 
231 1000 0.0038994280621409416 
232 1000 0.005831324961036444 
233 1000 0.00310250511392951 
234 1000 0.004707875195890665 
235 1000 0.007796717807650566 
236 1000 0.003641222370788455 
237 1000 0.003878490999341011 
238 1000 0.003989238757640123 
239 1000 0.003928280435502529 
240 1000 0.0039941295981407166 
241 1000 0.0036935717798769474 
242 1000 0.002406663727015257 
243 1000 0.0053508225828409195 
244 1000 0.005040313117206097 
245 1000 0.0027489226777106524 
246 1000 0.002753459382802248 
247 1000 0.004227748606353998 
248 1000 0.0025520147755742073 
249 1000 0.0047426847741007805 
250 1000 0.005373374558985233 
251 1000 0.0028365286998450756 
252 1000 0.005241772159934044 
253 1000 0.0035936024505645037 
254 1000 0.006073347758501768 
255 1000 0.0037160092033445835 
256 1000 0.0023139978293329477 
257 1000 0.003926993813365698 
258 1000 0.00226972671225667 
259 1000 0.002458972856402397 
260 1000 0.005869104526937008 
261 1000 0.0028563570231199265 
262 1000 0.005248955450952053 
263 1000 0.0023103724233806133 
264 1000 0.0032121967524290085 
265 1000 0.0029265163466334343 
266 1000 0.004036739468574524 
267 1000 0.0032450328581035137 
268 1000 0.0045804716646671295 
269 1000 0.0021499653812497854 
270 1000 0.0027376716025173664 
271 1000 0.003814294934272766 
272 1000 0.002910700161010027 
273 1000 0.0037480846513062716 
274 1000 0.003323598299175501 
275 1000 0.0033995795529335737 
276 1000 0.002786616561934352 
277 1000 0.003617639886215329 
278 1000 0.002792052458971739 
279 1000 0.00364960846491158 
280 1000 0.002808478195220232 
281 1000 0.0028030388057231903 
282 1000 0.0035552612971514463 
283 1000 0.003636895911768079 
284 1000 0.004033864475786686 
285 1000 0.0030430047772824764 
286 1000 0.00242414977401495 
287 1000 0.001683048321865499 
288 1000 0.001393257756717503 
289 1000 0.002028881572186947 
290 1000 0.002521788002923131 
291 1000 0.003467695787549019 
292 1000 0.0025911361444741488 
293 1000 0.0023575760424137115 
294 1000 0.0036647922825068235 
295 1000 0.004541981499642134 
296 1000 0.0026795323938131332 
297 1000 0.0032295994460582733 
298 1000 0.003221633844077587 
299 1000 0.00229932414367795 
300 1000 0.0027200260665267706 
301 1000 0.0032430707942694426 
302 1000 0.003975259605795145 
303 1000 0.00291104381904006 
304 1000 0.0042815194465219975 
305 1000 0.004017159808427095 
306 1000 0.00416615791618824 
307 1000 0.003438275773078203 
308 1000 0.0024196594022214413 
309 1000 0.0016836257418617606 
310 1000 0.0026790027040988207 
311 1000 0.002455002162605524 
312 1000 0.0036442563869059086 
313 1000 0.002073983196169138 
314 1000 0.0032270688097923994 
315 1000 0.002344975247979164 
316 1000 0.0024944189935922623 
317 1000 0.0036241221241652966 
318 1000 0.003169164527207613 
319 1000 0.001965718111023307 
320 1000 0.0028896830044686794 
321 1000 0.003421025350689888 
322 1000 0.002457861788570881 
323 1000 0.0030903348233550787 
324 1000 0.0015270074363797903 
325 1000 0.0032788263633847237 
326 1000 0.0019099338678643107 
327 1000 0.0026757095474749804 
328 1000 0.002534156432375312 
329 1000 0.002857411280274391 
330 1000 0.002115369774401188 
331 1000 0.002442257944494486 
332 1000 0.0018269981956109405 
333 1000 0.002312588971108198 
334 1000 0.0024935712572187185 
335 1000 0.0036260061897337437 
336 1000 0.0021983340848237276 
337 1000 0.002286885865032673 
338 1000 0.0030154334381222725 
339 1000 0.00219741347245872 
340 1000 0.0034295422956347466 
341 1000 0.0032181432470679283 
342 1000 0.0032181618735194206 
343 1000 0.0015193885192275047 
344 1000 0.0019033211283385754 
345 1000 0.0029544057324528694 
346 1000 0.0021401909179985523 
347 1000 0.0015219885390251875 
348 1000 0.002785980235785246 
349 1000 0.0019349181093275547 
350 1000 0.0020478919614106417 
351 1000 0.002472651656717062 
352 1000 0.001853956375271082 
353 1000 0.0026633343659341335 
354 1000 0.0018846418242901564 
355 1000 0.001985016744583845 
356 1000 0.0034888070076704025 
357 1000 0.00207765051163733 
358 1000 0.0024724078830331564 
359 1000 0.003063354641199112 
360 1000 0.0018150436226278543 
361 1000 0.0034457240253686905 
362 1000 0.0011746818199753761 
363 1000 0.0020833590533584356 
364 1000 0.002777840942144394 
365 1000 0.002316524740308523 
366 1000 0.0024698860943317413 
367 1000 0.002637870144098997 
368 1000 0.0016211357433348894 
369 1000 0.002063472056761384 
370 1000 0.0021090174559503794 
371 1000 0.0018390394980087876 
372 1000 0.00249609537422657 
373 1000 0.002253799233585596 
374 1000 0.0029551470652222633 
375 1000 0.0022966840770095587 
376 1000 0.0031002459581941366 
377 1000 0.002566382521763444 
378 1000 0.0015332503244280815 
379 1000 0.0019708387553691864 
380 1000 0.0021157502196729183 
381 1000 0.0029618479311466217 
382 1000 0.0012703429674729705 
383 1000 0.002118790289387107 
384 1000 0.0016960271168500185 
385 1000 0.0025842993054538965 
386 1000 0.0024050341453403234 
387 1000 0.0015707628335803747 
388 1000 0.002374303061515093 
389 1000 0.0014920050743967295 
390 1000 0.0030031565111130476 
391 1000 0.002556917257606983 
392 1000 0.001553865848109126 
393 1000 0.0021300516091287136 
394 1000 0.0019068721449002624 
395 1000 0.002547861309722066 
396 1000 0.0020842263475060463 
397 1000 0.002094249939545989 
398 1000 0.0014969452749937773 
399 1000 0.002580133732408285 
400 1000 0.0025000418536365032 
401 1000 0.0017781700007617474 
402 1000 0.0023877276107668877 
403 1000 0.001887166639789939 
404 1000 0.0015275486512109637 
405 1000 0.001993815414607525 
406 1000 0.0027002114802598953 
407 1000 0.0018102658214047551 
408 1000 0.002519739791750908 
409 1000 0.0026712699327617884 
410 1000 0.001580284209921956 
411 1000 0.0024136498104780912 
412 1000 0.001950080506503582 
413 1000 0.001937303226441145 
414 1000 0.0026518357917666435 
415 1000 0.0016500386409461498 
416 1000 0.0013923738151788712 
417 1000 0.0015681484946981072 
418 1000 0.0013895679730921984 
419 1000 0.002266504103317857 
420 1000 0.0015919804573059082 
421 1000 0.0018285365076735616 
422 1000 0.001191884744912386 
423 1000 0.0019660748075693846 
424 1000 0.002258012071251869 
425 1000 0.0016541616059839725 
426 1000 0.0016187221044674516 
427 1000 0.001779572106897831 
428 1000 0.002016969956457615 
429 1000 0.0016524954698979855 
430 1000 0.003522310871630907 
431 1000 0.002277857158333063 
432 1000 0.0018045890610665083 
433 1000 0.0016350604128092527 
434 1000 0.0019284947775304317 
435 1000 0.0018945691408589482 
436 1000 0.001413269666954875 
437 1000 0.0017170058563351631 
438 1000 0.0021887551993131638 
439 1000 0.0034012841060757637 
440 1000 0.0014186057960614562 
441 1000 0.0017631851369515061 
442 1000 0.0017727126833051443 
443 1000 0.0019063125364482403 
444 1000 0.0017485246062278748 
445 1000 0.001109620789065957 
446 1000 0.002202462637796998 
447 1000 0.0012173347640782595 
448 1000 0.0023647919297218323 
449 1000 0.001182155916467309 
450 1000 0.001884294906631112 
451 1000 0.0013497431064024568 
452 1000 0.002331264317035675 
453 1000 0.0019241180270910263 
454 1000 0.0015414280351251364 
455 1000 0.0016591106541454792 
456 1000 0.0018997236620634794 
457 1000 0.001702906796708703 
458 1000 0.001929988618940115 
459 1000 0.0018874091329053044 
460 1000 0.0011358209885656834 
461 1000 0.0018053287640213966 
462 1000 0.002530856989324093 
463 1000 0.001505343010649085 
464 1000 0.002527764067053795 
465 1000 0.00153902149759233 
466 1000 0.0025046998634934425 
467 1000 0.0022564218379557133 
468 1000 0.0017663546605035663 
469 1000 0.0015566520160064101 
470 1000 0.0019940249621868134 
471 1000 0.001891922322101891 
472 1000 0.0012118266895413399 
473 1000 0.0030708061531186104 
474 1000 0.001739300205372274 
475 1000 0.0024487036280333996 
476 1000 0.0016008021775633097 
477 1000 0.001047738827764988 
478 1000 0.0013646093429997563 
479 1000 0.0015785638242959976 
480 1000 0.0010968535207211971 
481 1000 0.0017964226426556706 
482 1000 0.001929581630975008 
483 1000 0.0010354354744777083 
484 1000 0.0015032098162919283 
485 1000 0.002004797337576747 
486 1000 0.002014345722272992 
487 1000 0.0012822281569242477 
488 1000 0.001458191778510809 
489 1000 0.0020362285431474447 
490 1000 0.0012038577115163207 
491 1000 0.001994929276406765 
492 1000 0.00210368144325912 
493 1000 0.000970543478615582 
494 1000 0.0020795592572540045 
495 1000 0.0016757296398282051 
496 1000 0.0018088743090629578 
497 1000 0.0009755928185768425 
498 1000 0.0015723810065537691 
499 1000 0.001659194938838482 
500 1000 0.0019089828711003065 
501 1000 0.0019431625260040164 
502 1000 0.0015882151201367378 
503 1000 0.00241363188251853 
504 1000 0.0020414041355252266 
505 1000 0.0020525786094367504 
506 1000 0.0020342227071523666 
507 1000 0.0021228911355137825 
508 1000 0.0015291105955839157 
509 1000 0.0019119423814117908 
510 1000 0.0021925577893853188 
511 1000 0.0014908357989042997 
512 1000 0.0019085794920101762 
513 1000 0.0024977861903607845 
514 1000 0.001766569446772337 
515 1000 0.0009803547291085124 
516 1000 0.002020804909989238 
517 1000 0.0015169198159128428 
518 1000 0.0014234391273930669 
519 1000 0.0008876314386725426 
520 1000 0.0016326328041031957 
521 1000 0.0022474732249975204 
522 1000 0.0015981232281774282 
523 1000 0.0013591875322163105 
524 1000 0.0018092957325279713 
525 1000 0.0018806429579854012 
526 1000 0.002099527744576335 
527 1000 0.0015928096836432815 
528 1000 0.002034940756857395 
529 1000 0.0013607647269964218 
530 1000 0.0019738427363336086 
531 1000 0.001528115477412939 
532 1000 0.001376767992042005 
533 1000 0.0017555144149810076 
534 1000 0.0018666721880435944 
535 1000 0.0016135114710777998 
536 1000 0.0016111938748508692 
537 1000 0.0017726655350998044 
538 1000 0.001955633517354727 
539 1000 0.0022043248172849417 
540 1000 0.0016015314031392336 
541 1000 0.0007378676673397422 
542 1000 0.0015512688551098108 
543 1000 0.0011131113860756159 
544 1000 0.0022959052585065365 
545 1000 0.0014871553285047412 
546 1000 0.002148466883227229 
547 1000 0.0014236876741051674 
548 1000 0.0012478376738727093 
549 1000 0.0017039801459759474 
550 1000 0.0016715314704924822 
551 1000 0.0017545642331242561 
552 1000 0.0018486164044588804 
553 1000 0.00136517733335495 
554 1000 0.002216538181528449 
555 1000 0.001712889177724719 
556 1000 0.0017341263592243195 
557 1000 0.0013232361525297165 
558 1000 0.0010008253157138824 
559 1000 0.0019283241126686335 
560 1000 0.001823281403630972 
561 1000 0.002025956753641367 
562 1000 0.001775855664163828 
563 1000 0.0015005565946921706 
564 1000 0.001352172577753663 
565 1000 0.0016957571497187018 
566 1000 0.0014927168376743793 
567 1000 0.001539522549137473 
568 1000 0.0009594932198524475 
569 1000 0.0017853726167231798 
570 1000 0.0020893816836178303 
571 1000 0.0009559715981595218 
572 1000 0.0018008016049861908 
573 1000 0.0013754942920058966 
574 1000 0.0020603060256689787 
575 1000 0.0009689844446256757 
576 1000 0.001883695600554347 
577 1000 0.0010925412643700838 
578 1000 0.001526848878711462 
579 1000 0.002060581697151065 
580 1000 0.0011569538619369268 
581 1000 0.0012992523843422532 
582 1000 0.0008584596798755229 
583 1000 0.0017635055119171739 
584 1000 0.0019550425931811333 
585 1000 0.0021404847502708435 
586 1000 0.0018263810779899359 
587 1000 0.0018864754820242524 
588 1000 0.0009381480049341917 
589 1000 0.0011511830380186439 
590 1000 0.0015258180210366845 
591 1000 0.0016880359034985304 
592 1000 0.0009335865033790469 
593 1000 0.0014635669067502022 
594 1000 0.0018712964374572039 
595 1000 0.0015701085794717073 
596 1000 0.0011874448973685503 
597 1000 0.0015848831972107291 
598 1000 0.00128191860858351 
599 1000 0.0007972817402333021 
600 1000 0.0015997197479009628 
601 1000 0.0014619837747886777 
602 1000 0.0013132649473845959 
603 1000 0.001846605446189642 
604 1000 0.0012904999312013388 
605 1000 0.0010583772091194987 
606 1000 0.0012424979358911514 
607 1000 0.0014846230624243617 
608 1000 0.0016379933804273605 
609 1000 0.0011303715873509645 
610 1000 0.0010487468680366874 
611 1000 0.0013940243516117334 
612 1000 0.0011727616656571627 
613 1000 0.0011982177384197712 
614 1000 0.0013420985778793693 
615 1000 0.001967516029253602 
616 1000 0.0015702450182288885 
617 1000 0.0008805396500974894 
618 1000 0.0014853784814476967 
619 1000 0.0010458114556968212 
620 1000 0.0017342008650302887 
621 1000 0.0013788801152259111 
622 1000 0.0012733081821352243 
623 1000 0.0018240311183035374 
624 1000 0.0011116254609078169 
625 1000 0.001331048784777522 
626 1000 0.0016043696086853743 
627 1000 0.0020137992687523365 
628 1000 0.0013810723321512341 
629 1000 0.0015371923800557852 
630 1000 0.0010348970536142588 
631 1000 0.0012905565090477467 
632 1000 0.001611343352124095 
633 1000 0.0007561485399492085 
634 1000 0.0017115776427090168 
635 1000 0.0015317169018089771 
636 1000 0.0009000980644486845 
637 1000 0.0013300161808729172 
638 1000 0.001361873815767467 
639 1000 0.001194701879285276 
640 1000 0.0015620506601408124 
641 1000 0.0022479670587927103 
642 1000 0.0012419924605637789 
643 1000 0.0009418379631824791 
644 1000 0.002120853401720524 
645 1000 0.0009902669116854668 
646 1000 0.0008898046216927469 
647 1000 0.0016040042974054813 
648 1000 0.0022950004786252975 
649 1000 0.0012919023865833879 
650 1000 0.0017005866393446922 
651 1000 0.0014088837197050452 
652 1000 0.0012761845719069242 
653 1000 0.000981722492724657 
654 1000 0.0012623697984963655 
655 1000 0.001338424626737833 
656 1000 0.0013097751652821898 
657 1000 0.0010718757985159755 
658 1000 0.0010143521940335631 
659 1000 0.0009211368742398918 
660 1000 0.0013772768434137106 
661 1000 0.0006160662742331624 
662 1000 0.0009855360258370638 
663 1000 0.0012166224187240005 
664 1000 0.0013529752613976598 
665 1000 0.0015154588036239147 
666 1000 0.0013873451389372349 
667 1000 0.0009650865104049444 
668 1000 0.0007497260812669992 
669 1000 0.000793654820881784 
670 1000 0.001141317654401064 
671 1000 0.001055537024512887 
672 1000 0.0012580172624439 
673 1000 0.0010889668483287096 
674 1000 0.0017636521952226758 
675 1000 0.001609379076398909 
676 1000 0.0009055241825990379 
677 1000 0.0012036950793117285 
678 1000 0.001346569275483489 
679 1000 0.000999227981083095 
680 1000 0.001440012943930924 
681 1000 0.0011989149497821927 
682 1000 0.002227501943707466 
683 1000 0.0009143593488261104 
684 1000 0.0013539118226617575 
685 1000 0.0015575207071378827 
686 1000 0.001087955548427999 
687 1000 0.0010006059892475605 
688 1000 0.000561086751986295 
689 1000 0.0009235846227966249 
690 1000 0.001087493496015668 
691 1000 0.001613645814359188 
692 1000 0.000847842893563211 
693 1000 0.001128247706219554 
694 1000 0.0011097685201093554 
695 1000 0.0010642280103638768 
696 1000 0.001451487303711474 
697 1000 0.0012566556688398123 
698 1000 0.0009474724065512419 
699 1000 0.0013314151437953115 
700 1000 0.0012841331772506237 
701 1000 0.0015794996870681643 
702 1000 0.0011762628564611077 
703 1000 0.0011358943302184343 
704 1000 0.001497849472798407 
705 1000 0.0007008359534665942 
706 1000 0.000604508095420897 
707 1000 0.0012944118352606893 
708 1000 0.0013183534611016512 
709 1000 0.0016246758168563247 
710 1000 0.0014722727937623858 
711 1000 0.0013633533380925655 
712 1000 0.0010082463268190622 
713 1000 0.0008322341600432992 
714 1000 0.0007574199698865414 
715 1000 0.00162885757163167 
716 1000 0.0005197416758164763 
717 1000 0.0014097938546910882 
718 1000 0.0015445863828063011 
719 1000 0.000607818306889385 
720 1000 0.0015255868202075362 
721 1000 0.0016977321356534958 
722 1000 0.0007489218842238188 
723 1000 0.001474883290939033 
724 1000 0.0009873821400105953 
725 1000 0.0009428846533410251 
726 1000 0.0013859537430107594 
727 1000 0.0013771726517006755 
728 1000 0.0015073554823175073 
729 1000 0.0015077542047947645 
730 1000 0.0014775414019823074 
731 1000 0.0015900559956207871 
732 1000 0.001344085205346346 
733 1000 0.0012419639388099313 
734 1000 0.0015539291780442 
735 1000 0.0015891643706709146 
736 1000 0.0013780134031549096 
737 1000 0.0012759935343638062 
738 1000 0.0008758543408475816 
739 1000 0.00140859792008996 
740 1000 0.0008320467313751578 
741 1000 0.001078966772183776 
742 1000 0.0008771732682362199 
743 1000 0.0010083678644150496 
744 1000 0.0009195915190503001 
745 1000 0.0009170409757643938 
746 1000 0.001195457181893289 
747 1000 0.0015922663733363152 
748 1000 0.0008907411247491837 
749 1000 0.0010166836436837912 
750 1000 0.0008069519535638392 
751 1000 0.0014931091573089361 
752 1000 0.0012279035290703177 
753 1000 0.000955660711042583 
754 1000 0.0005646058707498014 
755 1000 0.001628608675673604 
756 1000 0.0013024501968175173 
757 1000 0.0010791448876261711 
758 1000 0.0009014615789055824 
759 1000 0.0014846606645733118 
760 1000 0.001136415172368288 
761 1000 0.000803179107606411 
762 1000 0.0009653596207499504 
763 1000 0.0009283348335884511 
764 1000 0.0005343511002138257 
765 1000 0.0011739288456737995 
766 1000 0.0010891231941059232 
767 1000 0.0011845579138025641 
768 1000 0.0017474335618317127 
769 1000 0.0009956276044249535 
770 1000 0.0010410936083644629 
771 1000 0.0013844347558915615 
772 1000 0.001271991292014718 
773 1000 0.0011452054604887962 
774 1000 0.0008069315226748586 
775 1000 0.0007968039135448635 
776 1000 0.001576504553668201 
777 1000 0.0014299789909273386 
778 1000 0.0007939524948596954 
779 1000 0.0009986464865505695 
780 1000 0.0015650971326977015 
781 1000 0.0011880658566951752 
782 1000 0.0006326086586341262 
783 1000 0.0011506684822961688 
784 1000 0.0008357366314157844 
785 1000 0.0009291546884924173 
786 1000 0.0009676282643340528 
787 1000 0.001162505242973566 
788 1000 0.0012609055265784264 
789 1000 0.000745970057323575 
790 1000 0.0011564812157303095 
791 1000 0.001548980362713337 
792 1000 0.001279131742194295 
793 1000 0.0012071869568899274 
794 1000 0.0009546913206577301 
795 1000 0.0009472316596657038 
796 1000 0.0011790358694270253 
797 1000 0.0005992069491185248 
798 1000 0.0009300539968535304 
799 1000 0.0006323711713775992 
800 1000 0.0010825027711689472 
801 1000 0.0010439589386805892 
802 1000 0.0010391949908807874 
803 1000 0.001541360397823155 
804 1000 0.0011892959009855986 
805 1000 0.0026329276151955128 
806 1000 0.0010801993776112795 
807 1000 0.0013595811324194074 
808 1000 0.0009258890058845282 
809 1000 0.0006949192611500621 
810 1000 0.001031816122122109 
811 1000 0.0008895898936316371 
812 1000 0.0017245864728465676 
813 1000 0.0011932685738429427 
814 1000 0.001047674915753305 
815 1000 0.000802757334895432 
816 1000 0.0011877433862537146 
817 1000 0.0013044723309576511 
818 1000 0.0008743962971493602 
819 1000 0.0012664718087762594 
820 1000 0.001167025533504784 
821 1000 0.00097398750949651 
822 1000 0.0011588921770453453 
823 1000 0.0011432321043685079 
824 1000 0.0008914134232327342 
825 1000 0.0008636361453682184 
826 1000 0.0012004098389297724 
827 1000 0.0010810489766299725 
828 1000 0.0007728019263595343 
829 1000 0.0012394031509757042 
830 1000 0.0008983509032987058 
831 1000 0.0007394833373837173 
832 1000 0.0012614489533007145 
833 1000 0.0008774320594966412 
834 1000 0.0013400083407759666 
835 1000 0.0010125578846782446 
836 1000 0.00137799559161067 
837 1000 0.0006503695622086525 
838 1000 0.001173248398117721 
839 1000 0.0009979426395148039 
840 1000 0.0011453281622380018 
841 1000 0.0014160164864733815 
842 1000 0.001300980569794774 
843 1000 0.0009217411279678345 
844 1000 0.0009962928015738726 
845 1000 0.0007668965845368803 
846 1000 0.0006582610076293349 
847 1000 0.0005682482151314616 
848 1000 0.0008369018905796111 
849 1000 0.0013449899852275848 
850 1000 0.0011467994190752506 
851 1000 0.0010745651088654995 
852 1000 0.0007969583966769278 
853 1000 0.0007541340310126543 
854 1000 0.0010922921355813742 
855 1000 0.0007241718703880906 
856 1000 0.00043708947487175465 
857 1000 0.0012050691293552518 
858 1000 0.0007030792185105383 
859 1000 0.0008646735805086792 
860 1000 0.0012000412680208683 
861 1000 0.0011127222096547484 
862 1000 0.0012780330143868923 
863 1000 0.0007516103214584291 
864 1000 0.0007614000933244824 
865 1000 0.0007526834378950298 
866 1000 0.0005926224985159934 
867 1000 0.000715604517608881 
868 1000 0.0016304685268551111 
869 1000 0.0010547300335019827 
870 1000 0.0007169526652432978 
871 1000 0.0012488904176279902 
872 1000 0.001135596539825201 
873 1000 0.0005500640836544335 
874 1000 0.0006370037444867194 
875 1000 0.0009576767333783209 
876 1000 0.0006606432143598795 
877 1000 0.0016568262362852693 
878 1000 0.0006063797627575696 
879 1000 0.0011252075200900435 
880 1000 0.0009731445461511612 
881 1000 0.0012553289998322725 
882 1000 0.0013836957514286041 
883 1000 0.0005899373209103942 
884 1000 0.0008356213802471757 
885 1000 0.0007861452177166939 
886 1000 0.001569822896271944 
887 1000 0.0009288357105106115 
888 1000 0.0010045135859400034 
889 1000 0.0011259452439844608 
890 1000 0.0004805537173524499 
891 1000 0.0007548763533122838 
892 1000 0.0007155811763368547 
893 1000 0.0017827363917604089 
894 1000 0.000961870071478188 
895 1000 0.001004170742817223 
896 1000 0.0006894576363265514 
897 1000 0.0013510298449546099 
898 1000 0.001333847176283598 
899 1000 0.0005560117424465716 
900 1000 0.0004705455503426492 
901 1000 0.0013242396526038647 
902 1000 0.00146374455653131 
903 1000 0.0014349097618833184 
904 1000 0.0007162526599131525 
905 1000 0.0008820086368359625 
906 1000 0.001180137856863439 
907 1000 0.0011747219832614064 
908 1000 0.000776812550611794 
909 1000 0.0009184675291180611 
910 1000 0.0013792006066069007 
911 1000 0.001378282206133008 
912 1000 0.001387698808684945 
913 1000 0.001114852842874825 
914 1000 0.001160191255621612 
915 1000 0.0008909581229090691 
916 1000 0.0010406969813629985 
917 1000 0.0009694366599433124 
918 1000 0.0011773130390793085 
919 1000 0.0014407978160306811 
920 1000 0.0007561316597275436 
921 1000 0.0005783391534350812 
922 1000 0.0009276961209252477 
923 1000 0.0007121243397705257 
924 1000 0.0008778185583651066 
925 1000 0.0010185990249738097 
926 1000 0.0006012116791680455 
927 1000 0.0015705670230090618 
928 1000 0.0007119011133909225 
929 1000 0.0005971553036943078 
930 1000 0.001071413280442357 
931 1000 0.0008686676155775785 
932 1000 0.0006497347494587302 
933 1000 0.0009624694939702749 
934 1000 0.0008528898470103741 
935 1000 0.0013092693407088518 
936 1000 0.0006171103450469673 
937 1000 0.001536913332529366 
938 1000 0.0008418689831160009 
939 1000 0.0007836652803234756 
940 1000 0.0011865607229992747 
941 1000 0.0010327930795028806 
942 1000 0.0006761154509149492 
943 1000 0.0012326010037213564 
944 1000 0.0006672455929219723 
945 1000 0.00043986455420963466 
946 1000 0.0005925254663452506 
947 1000 0.00047045235987752676 
948 1000 0.0007017938187345862 
949 1000 0.0008710933034308255 
950 1000 0.0005315187154337764 
951 1000 0.0006649236893281341 
952 1000 0.0011851071612909436 
953 1000 0.0009259448852390051 
954 1000 0.0010406447108834982 
955 1000 0.0009382602293044329 
956 1000 0.0009210990974679589 
957 1000 0.0005244212807156146 
958 1000 0.0010320702567696571 
959 1000 0.00044387351954355836 
960 1000 0.0012088145595043898 
961 1000 0.0007847552187740803 
962 1000 0.0012220374774187803 
963 1000 0.0012363444548100233 
964 1000 0.001359423971734941 
965 1000 0.000878840044606477 
966 1000 0.000993896508589387 
967 1000 0.0011431333841755986 
968 1000 0.00029459825600497425 
969 1000 0.0008481913828290999 
970 1000 0.0007674139924347401 
971 1000 0.0006163355428725481 
972 1000 0.0014848319115117192 
973 1000 0.0009552091360092163 
974 1000 0.0014965144218876958 
975 1000 0.0012014770181849599 
976 1000 0.001083815237507224 
977 1000 0.0011502678971737623 
978 1000 0.0008433545590378344 
979 1000 0.0007519256323575974 
980 1000 0.001444832538254559 
981 1000 0.00042473297799006104 
982 1000 0.0009154888102784753 
983 1000 0.0005710793193429708 
984 1000 0.0009689285070635378 
985 1000 0.0010468558175489306 
986 1000 0.000662917154841125 
987 1000 0.0006697463104501367 
988 1000 0.0008518870454281569 
989 1000 0.0008931035408750176 
990 1000 0.000986680155619979 
991 1000 0.0008190862135961652 
992 1000 0.0010838452726602554 
993 1000 0.0007458187174052 
994 1000 0.0008708430686965585 
995 1000 0.0009157618624158204 
996 1000 0.0007551506860181689 
997 1000 0.0007060166099108756 
998 1000 0.000898225698620081 
999 1000 0.0004981632228009403 
