0 1000 0.6585860848426819 
1 1000 0.38649237155914307 
2 1000 0.4085826277732849 
3 1000 0.3443024754524231 
4 1000 0.2563056945800781 
5 1000 0.2248097062110901 
6 1000 0.14759063720703125 
7 1000 0.17241829633712769 
8 1000 0.14334245026111603 
9 1000 0.1401795893907547 
10 1000 0.11310504376888275 
11 1000 0.10798072814941406 
12 1000 0.09757160395383835 
13 1000 0.09858022630214691 
14 1000 0.06653715670108795 
15 1000 0.08388092368841171 
16 1000 0.06799088418483734 
17 1000 0.08100321143865585 
18 1000 0.06342168897390366 
19 1000 0.057635970413684845 
20 1000 0.04769740253686905 
21 1000 0.06499931961297989 
22 1000 0.05109444260597229 
23 1000 0.04652427136898041 
24 1000 0.06205766648054123 
25 1000 0.05587960034608841 
26 1000 0.04933193698525429 
27 1000 0.031494297087192535 
28 1000 0.038934819400310516 
29 1000 0.04635380208492279 
30 1000 0.03669010102748871 
31 1000 0.0406063050031662 
32 1000 0.03729834407567978 
33 1000 0.03550325706601143 
34 1000 0.03101634979248047 
35 1000 0.024986572563648224 
36 1000 0.025936301797628403 
37 1000 0.025763019919395447 
38 1000 0.029763221740722656 
39 1000 0.04544544592499733 
40 1000 0.023029565811157227 
41 1000 0.02472129464149475 
42 1000 0.025837846100330353 
43 1000 0.03194846212863922 
44 1000 0.029279721900820732 
45 1000 0.028408808633685112 
46 1000 0.021888798102736473 
47 1000 0.022626930847764015 
48 1000 0.022258173674345016 
49 1000 0.012628588825464249 
50 1000 0.02158067189157009 
51 1000 0.01802564598619938 
52 1000 0.018347403034567833 
53 1000 0.019677091389894485 
54 1000 0.021682381629943848 
55 1000 0.02115749940276146 
56 1000 0.0144107136875391 
57 1000 0.016295891255140305 
58 1000 0.013685460202395916 
59 1000 0.014533592388033867 
60 1000 0.01995510421693325 
61 1000 0.01301509514451027 
62 1000 0.00837705098092556 
63 1000 0.01564813405275345 
64 1000 0.012109477072954178 
65 1000 0.018588058650493622 
66 1000 0.014064290560781956 
67 1000 0.01815880462527275 
68 1000 0.013930593617260456 
69 1000 0.01689194329082966 
70 1000 0.013553086668252945 
71 1000 0.011681211180984974 
72 1000 0.019849125295877457 
73 1000 0.016181066632270813 
74 1000 0.012801837176084518 
75 1000 0.01219765655696392 
76 1000 0.01980270817875862 
77 1000 0.015443762764334679 
78 1000 0.012565276585519314 
79 1000 0.009932510554790497 
80 1000 0.010370510630309582 
81 1000 0.012224540114402771 
82 1000 0.01832679845392704 
83 1000 0.013466829434037209 
84 1000 0.008085756562650204 
85 1000 0.007480951026082039 
86 1000 0.009178207255899906 
87 1000 0.013571849092841148 
88 1000 0.017113223671913147 
89 1000 0.01065775379538536 
90 1000 0.012266316451132298 
91 1000 0.010898281820118427 
92 1000 0.012227548286318779 
93 1000 0.008222686126828194 
94 1000 0.01038187462836504 
95 1000 0.011060243472456932 
96 1000 0.009843339212238789 
97 1000 0.00833495520055294 
98 1000 0.008901484310626984 
99 1000 0.005621963180601597 
100 1000 0.00646975077688694 
101 1000 0.008585221134126186 
102 1000 0.008097449317574501 
103 1000 0.010196118615567684 
104 1000 0.006971178110688925 
105 1000 0.010136072523891926 
106 1000 0.008445858024060726 
107 1000 0.007301405072212219 
108 1000 0.006179787218570709 
109 1000 0.008983384817838669 
110 1000 0.010795251466333866 
111 1000 0.005809865891933441 
112 1000 0.007233861833810806 
113 1000 0.007762944791465998 
114 1000 0.010129222646355629 
115 1000 0.006170718930661678 
116 1000 0.01099786814302206 
117 1000 0.006350980140268803 
118 1000 0.005929890554398298 
119 1000 0.009566530585289001 
120 1000 0.006936087738722563 
121 1000 0.004237708635628223 
122 1000 0.00979592651128769 
123 1000 0.009099964052438736 
124 1000 0.006187238730490208 
125 1000 0.009352904744446278 
126 1000 0.007702336646616459 
127 1000 0.0052024805918335915 
128 1000 0.005280420184135437 
129 1000 0.006594857666641474 
130 1000 0.008476825430989265 
131 1000 0.009660748764872551 
132 1000 0.005781170912086964 
133 1000 0.0063623469322919846 
134 1000 0.006921965628862381 
135 1000 0.006288877688348293 
136 1000 0.004160983022302389 
137 1000 0.005845536943525076 
138 1000 0.004992910660803318 
139 1000 0.007412595674395561 
140 1000 0.00809913594275713 
141 1000 0.004030004609376192 
142 1000 0.006015455350279808 
143 1000 0.005305089522153139 
144 1000 0.01030196063220501 
145 1000 0.006043803878128529 
146 1000 0.004942108877003193 
147 1000 0.006730460096150637 
148 1000 0.006335304118692875 
149 1000 0.007723634131252766 
150 1000 0.004675584379583597 
151 1000 0.0064313458278775215 
152 1000 0.0075201475992798805 
153 1000 0.008586093783378601 
154 1000 0.004605729132890701 
155 1000 0.00741949025541544 
156 1000 0.0032754093408584595 
157 1000 0.006933676078915596 
158 1000 0.005318956915289164 
159 1000 0.004793135449290276 
160 1000 0.005101945251226425 
161 1000 0.006049256771802902 
162 1000 0.006305495742708445 
163 1000 0.005214567296206951 
164 1000 0.004578659776598215 
165 1000 0.004469628445804119 
166 1000 0.006577279418706894 
167 1000 0.004950055852532387 
168 1000 0.0066037653014063835 
169 1000 0.0041197254322469234 
170 1000 0.005440139211714268 
171 1000 0.006190111394971609 
172 1000 0.004623426124453545 
173 1000 0.004166433587670326 
174 1000 0.0061181881465017796 
175 1000 0.004798038862645626 
176 1000 0.0035831949207931757 
177 1000 0.006457248702645302 
178 1000 0.005317313596606255 
179 1000 0.006333251483738422 
180 1000 0.0031425911001861095 
181 1000 0.0036972342059016228 
182 1000 0.004185876343399286 
183 1000 0.005217359401285648 
184 1000 0.0028410647064447403 
185 1000 0.004185942467302084 
186 1000 0.004608986899256706 
187 1000 0.004772298038005829 
188 1000 0.004044823814183474 
189 1000 0.00534005556255579 
190 1000 0.0034721640404313803 
191 1000 0.00359934289008379 
192 1000 0.002631986979395151 
193 1000 0.005161235574632883 
194 1000 0.004016679711639881 
195 1000 0.005047183949500322 
196 1000 0.004346085712313652 
197 1000 0.004149139858782291 
198 1000 0.0033333590254187584 
199 1000 0.003856551367789507 
200 1000 0.002982495119795203 
201 1000 0.0046915533021092415 
202 1000 0.005418176297098398 
203 1000 0.0027235785964876413 
204 1000 0.0026000691577792168 
205 1000 0.0029565899167209864 
206 1000 0.003585589351132512 
207 1000 0.0037391867954283953 
208 1000 0.004434563219547272 
209 1000 0.003622432705014944 
210 1000 0.0041862111538648605 
211 1000 0.002944200299680233 
212 1000 0.00388522376306355 
213 1000 0.003045300953090191 
214 1000 0.005272384267300367 
215 1000 0.004047020338475704 
216 1000 0.0036182368639856577 
217 1000 0.003083054907619953 
218 1000 0.0044329287484288216 
219 1000 0.002968304557725787 
220 1000 0.0051311831921339035 
221 1000 0.0037805424071848392 
222 1000 0.002861230866983533 
223 1000 0.004924879875034094 
224 1000 0.0035554738715291023 
225 1000 0.003695638384670019 
226 1000 0.003551208646968007 
227 1000 0.0033817188814282417 
228 1000 0.0034343195147812366 
229 1000 0.0032330043613910675 
230 1000 0.0029988903552293777 
231 1000 0.0035520861856639385 
232 1000 0.005152735393494368 
233 1000 0.002718536648899317 
234 1000 0.004100242163985968 
235 1000 0.0069412728771567345 
236 1000 0.0032432107254862785 
237 1000 0.003439308376982808 
238 1000 0.0035962320398539305 
239 1000 0.003523115301504731 
240 1000 0.0035566803999245167 
241 1000 0.0032684607431292534 
242 1000 0.0021760768722742796 
243 1000 0.004641258157789707 
244 1000 0.004319152794778347 
245 1000 0.002367340726777911 
246 1000 0.0024054646492004395 
247 1000 0.0036762631498277187 
248 1000 0.002262089168652892 
249 1000 0.004252483136951923 
250 1000 0.004693998023867607 
251 1000 0.002499715192243457 
252 1000 0.004631649702787399 
253 1000 0.0033104335889220238 
254 1000 0.005282323807477951 
255 1000 0.0032797129824757576 
256 1000 0.0021060158032923937 
257 1000 0.0034546349197626114 
258 1000 0.0019737943075597286 
259 1000 0.002180984243750572 
260 1000 0.005146968178451061 
261 1000 0.0025245267897844315 
262 1000 0.004600013606250286 
263 1000 0.0020268624648451805 
264 1000 0.002803595270961523 
265 1000 0.0025719983968883753 
266 1000 0.0035403615329414606 
267 1000 0.00284296041354537 
268 1000 0.004051033407449722 
269 1000 0.0019050961127504706 
270 1000 0.002368126530200243 
271 1000 0.003354231361299753 
272 1000 0.0025013480335474014 
273 1000 0.003327051643282175 
274 1000 0.0028512184508144855 
275 1000 0.0030343355610966682 
276 1000 0.002461391966789961 
277 1000 0.003129412652924657 
278 1000 0.0024195066653192043 
279 1000 0.0031338296830654144 
280 1000 0.0024312185123562813 
281 1000 0.002391707617789507 
282 1000 0.003183892462402582 
283 1000 0.0031342674046754837 
284 1000 0.0035202703438699245 
285 1000 0.0026594463270157576 
286 1000 0.0020697617437690496 
287 1000 0.0014451571041718125 
288 1000 0.0011973177315667272 
289 1000 0.0017451262101531029 
290 1000 0.0022126049734652042 
291 1000 0.003030323190614581 
292 1000 0.002274154219776392 
293 1000 0.0020321435295045376 
294 1000 0.003170914947986603 
295 1000 0.003960149362683296 
296 1000 0.002335004275664687 
297 1000 0.0027980473823845387 
298 1000 0.0028091908898204565 
299 1000 0.001995838712900877 
300 1000 0.002383722923696041 
301 1000 0.002841101260855794 
302 1000 0.0035329984966665506 
303 1000 0.002528590150177479 
304 1000 0.003788916626945138 
305 1000 0.0034525245428085327 
306 1000 0.0036704684607684612 
307 1000 0.003022073535248637 
308 1000 0.002138759708032012 
309 1000 0.0014626558404415846 
310 1000 0.002280348911881447 
311 1000 0.0021627857349812984 
312 1000 0.0032531204633414745 
313 1000 0.0017935634823516011 
314 1000 0.0028810605872422457 
315 1000 0.002022704342380166 
316 1000 0.0022089092526584864 
317 1000 0.003066579345613718 
318 1000 0.0027742432430386543 
319 1000 0.00174572947435081 
320 1000 0.00247869361191988 
321 1000 0.002987646497786045 
322 1000 0.0021375929936766624 
323 1000 0.002608391921967268 
324 1000 0.0013390902895480394 
325 1000 0.002907027956098318 
326 1000 0.0016796189593151212 
327 1000 0.002364181447774172 
328 1000 0.0022035755682736635 
329 1000 0.002455051988363266 
330 1000 0.0018406383460387588 
331 1000 0.002227446064352989 
332 1000 0.0016061163041740656 
333 1000 0.0020359549671411514 
334 1000 0.0021916476543992758 
335 1000 0.003199208527803421 
336 1000 0.0018302208045497537 
337 1000 0.00203815964050591 
338 1000 0.002564460039138794 
339 1000 0.0018108671065419912 
340 1000 0.0029903992544859648 
341 1000 0.002872219542041421 
342 1000 0.002695692703127861 
343 1000 0.0013300293358042836 
344 1000 0.001702653942629695 
345 1000 0.002606771420687437 
346 1000 0.0018444493180140853 
347 1000 0.0013584945118054748 
348 1000 0.002429648069664836 
349 1000 0.001668865093961358 
350 1000 0.0018531590467318892 
351 1000 0.0021399471443146467 
352 1000 0.0017339728074148297 
353 1000 0.002349866321310401 
354 1000 0.0016084539238363504 
355 1000 0.0017454137559980154 
356 1000 0.003094762098044157 
357 1000 0.0018419784028083086 
358 1000 0.0021346164867281914 
359 1000 0.002623817417770624 
360 1000 0.0015932529931887984 
361 1000 0.0029660428408533335 
362 1000 0.0009733404731377959 
363 1000 0.0018304731929674745 
364 1000 0.0024365803692489862 
365 1000 0.002005784073844552 
366 1000 0.0021767551079392433 
367 1000 0.002303409855812788 
368 1000 0.0014049039455130696 
369 1000 0.001810451503843069 
370 1000 0.0018920570146292448 
371 1000 0.0016212831251323223 
372 1000 0.0022194397170096636 
373 1000 0.0020369901321828365 
374 1000 0.0026023699901998043 
375 1000 0.0020212545059621334 
376 1000 0.0027820649556815624 
377 1000 0.0023181356955319643 
378 1000 0.0013337606796994805 
379 1000 0.0018041678704321384 
380 1000 0.0018618578324094415 
381 1000 0.002614920027554035 
382 1000 0.0012582037597894669 
383 1000 0.001814303919672966 
384 1000 0.0015427061589434743 
385 1000 0.002443753182888031 
386 1000 0.0020849283318966627 
387 1000 0.0016333224484696984 
388 1000 0.0022193246986716986 
389 1000 0.001397039508447051 
390 1000 0.0027951980009675026 
391 1000 0.002230649348348379 
392 1000 0.0015010834904387593 
393 1000 0.00200290372595191 
394 1000 0.001702520065009594 
395 1000 0.002367432462051511 
396 1000 0.0019349604845046997 
397 1000 0.0018158191815018654 
398 1000 0.0013728475896641612 
399 1000 0.0024774845223873854 
400 1000 0.0021948027424514294 
401 1000 0.0017059766687452793 
402 1000 0.002220204332843423 
403 1000 0.0016516824252903461 
404 1000 0.001352443010546267 
405 1000 0.0018757190555334091 
406 1000 0.002351014642044902 
407 1000 0.001632636645808816 
408 1000 0.002350744092836976 
409 1000 0.002316896105185151 
410 1000 0.0015682494267821312 
411 1000 0.0021267570555210114 
412 1000 0.0016803998732939363 
413 1000 0.0018414338119328022 
414 1000 0.0022790967486798763 
415 1000 0.001534419134259224 
416 1000 0.0012689306167885661 
417 1000 0.0012749708257615566 
418 1000 0.0012439583661034703 
419 1000 0.0020445450209081173 
420 1000 0.0013354549882933497 
421 1000 0.0016512444708496332 
422 1000 0.001010109786875546 
423 1000 0.0016297552501782775 
424 1000 0.0020225723274052143 
425 1000 0.0014066294534131885 
426 1000 0.0012621190398931503 
427 1000 0.0017045900458469987 
428 1000 0.0017133636865764856 
429 1000 0.0014221362071111798 
430 1000 0.003203438129276037 
431 1000 0.0019551538862288 
432 1000 0.0014532232889905572 
433 1000 0.0015358706004917622 
434 1000 0.0017009649891406298 
435 1000 0.001541747129522264 
436 1000 0.0012947769137099385 
437 1000 0.0014886994613334537 
438 1000 0.0018306622514501214 
439 1000 0.0030742196831852198 
440 1000 0.0011960947886109352 
441 1000 0.0015467742923647165 
442 1000 0.00159933278337121 
443 1000 0.001613530796021223 
444 1000 0.0015652049332857132 
445 1000 0.0009981810580939054 
446 1000 0.0019606449641287327 
447 1000 0.0010904582450166345 
448 1000 0.0022036824375391006 
449 1000 0.0010041188215836883 
450 1000 0.001699808519333601 
451 1000 0.0012379518011584878 
452 1000 0.002144433557987213 
453 1000 0.0016361416783183813 
454 1000 0.001399304368533194 
455 1000 0.0014156375546008348 
456 1000 0.0016522533260285854 
457 1000 0.001504749758169055 
458 1000 0.0017231970559805632 
459 1000 0.0016672859201207757 
460 1000 0.001034999848343432 
461 1000 0.0016382687026634812 
462 1000 0.0022400477901101112 
463 1000 0.001365728909149766 
464 1000 0.002367645036429167 
465 1000 0.0012446742039173841 
466 1000 0.002267583506181836 
467 1000 0.001888508559204638 
468 1000 0.001550746150314808 
469 1000 0.0014138109982013702 
470 1000 0.001818272052332759 
471 1000 0.001632779254578054 
472 1000 0.0011083700228482485 
473 1000 0.0027360287494957447 
474 1000 0.0015597159508615732 
475 1000 0.0023288496304303408 
476 1000 0.0013624620623886585 
477 1000 0.0010400790488347411 
478 1000 0.001259619602933526 
479 1000 0.001430291449651122 
480 1000 0.0010261436691507697 
481 1000 0.001623027608729899 
482 1000 0.0016798116266727448 
483 1000 0.0009578114259056747 
484 1000 0.001364970114082098 
485 1000 0.001810350688174367 
486 1000 0.0018128370866179466 
487 1000 0.0011482515837997198 
488 1000 0.0012494288384914398 
489 1000 0.0017054686322808266 
490 1000 0.0010943475645035505 
491 1000 0.0016985735855996609 
492 1000 0.0018566122744232416 
493 1000 0.0008928619208745658 
494 1000 0.0018288991414010525 
495 1000 0.0014814729802310467 
496 1000 0.0016289863269776106 
497 1000 0.0008142534643411636 
498 1000 0.001334455912001431 
499 1000 0.001483973115682602 
500 1000 0.001661615795455873 
501 1000 0.00160299486014992 
502 1000 0.001401374815031886 
503 1000 0.0020886468701064587 
504 1000 0.0017883327091112733 
505 1000 0.001847204053774476 
506 1000 0.001799859805032611 
507 1000 0.0017666969215497375 
508 1000 0.0014140483690425754 
509 1000 0.0016228524036705494 
510 1000 0.001956040970981121 
511 1000 0.0013246850576251745 
512 1000 0.0016934083541855216 
513 1000 0.0021764044649899006 
514 1000 0.0016228356398642063 
515 1000 0.0008434844203293324 
516 1000 0.0017890369053930044 
517 1000 0.0015010468196123838 
518 1000 0.0012223162921145558 
519 1000 0.0007721655420027673 
520 1000 0.0014505627332255244 
521 1000 0.001990916673094034 
522 1000 0.0013356171548366547 
523 1000 0.0012261122465133667 
524 1000 0.0014598757261410356 
525 1000 0.0019292610231786966 
526 1000 0.0019345785258337855 
527 1000 0.0014861130621284246 
528 1000 0.001849573221988976 
529 1000 0.0012138355523347855 
530 1000 0.001825472223572433 
531 1000 0.0013721543364226818 
532 1000 0.0012545657809823751 
533 1000 0.0016186183784157038 
534 1000 0.0017231523524969816 
535 1000 0.0014521497068926692 
536 1000 0.0014519254909828305 
537 1000 0.0015956780407577753 
538 1000 0.0017768042162060738 
539 1000 0.001999650849029422 
540 1000 0.0014308622339740396 
541 1000 0.0006544911302626133 
542 1000 0.001363492337986827 
543 1000 0.0010051183635368943 
544 1000 0.002128117484971881 
545 1000 0.0013477443717420101 
546 1000 0.0019442327320575714 
547 1000 0.0012646494433283806 
548 1000 0.0011189415818080306 
549 1000 0.001559246564283967 
550 1000 0.0015584157081320882 
551 1000 0.0015978567535057664 
552 1000 0.0017146520549431443 
553 1000 0.0012366891605779529 
554 1000 0.002118827775120735 
555 1000 0.001611727406270802 
556 1000 0.0015890361974015832 
557 1000 0.0012034914689138532 
558 1000 0.0009110658429563046 
559 1000 0.0017987936735153198 
560 1000 0.0016486549284309149 
561 1000 0.0018418252002447844 
562 1000 0.0016182811232283711 
563 1000 0.0013697290560230613 
564 1000 0.0012275144690647721 
565 1000 0.0015844206791371107 
566 1000 0.0013723683077841997 
567 1000 0.0014038151130080223 
568 1000 0.0009066347847692668 
569 1000 0.0016470710979774594 
570 1000 0.0019125696271657944 
571 1000 0.0008908940362744033 
572 1000 0.0016241406556218863 
573 1000 0.001225218060426414 
574 1000 0.001846072031185031 
575 1000 0.0008591022342443466 
576 1000 0.001724726753309369 
577 1000 0.0009785296861082315 
578 1000 0.0013932619476690888 
579 1000 0.0018791583133861423 
580 1000 0.0010671457275748253 
581 1000 0.0011726459488272667 
582 1000 0.0007478526677004993 
583 1000 0.0016176027711480856 
584 1000 0.001784831052646041 
585 1000 0.0021662297658622265 
586 1000 0.001693572150543332 
587 1000 0.0018190016271546483 
588 1000 0.0008458233205601573 
589 1000 0.00111484806984663 
590 1000 0.0013919157208874822 
591 1000 0.001593034015968442 
592 1000 0.0008370940340682864 
593 1000 0.0013327186461538076 
594 1000 0.0017148246988654137 
595 1000 0.0014752286951988935 
596 1000 0.0010943567613139749 
597 1000 0.0014546305174008012 
598 1000 0.0011854609474539757 
599 1000 0.0007343391189351678 
600 1000 0.0014795006718486547 
601 1000 0.0013401511823758483 
602 1000 0.001221407437697053 
603 1000 0.001710038515739143 
604 1000 0.0011919982498511672 
605 1000 0.0010102156084030867 
606 1000 0.0011453431798145175 
607 1000 0.0013594169868156314 
608 1000 0.0015280270017683506 
609 1000 0.001041820039972663 
610 1000 0.000992005574516952 
611 1000 0.001262267935089767 
612 1000 0.0010619560489431024 
613 1000 0.0010759676806628704 
614 1000 0.0012229058193042874 
615 1000 0.0018070752266794443 
616 1000 0.0014720852486789227 
617 1000 0.0008598340209573507 
618 1000 0.0013723389711230993 
619 1000 0.0009410528000444174 
620 1000 0.0016215684590861201 
621 1000 0.0012957770377397537 
622 1000 0.0012938427971675992 
623 1000 0.001620738417841494 
624 1000 0.0010376988211646676 
625 1000 0.0011855505872517824 
626 1000 0.0014495574869215488 
627 1000 0.001823152182623744 
628 1000 0.0012792163761332631 
629 1000 0.0013765861513093114 
630 1000 0.000946772750467062 
631 1000 0.0011653320398181677 
632 1000 0.0014517144300043583 
633 1000 0.0007051171851344407 
634 1000 0.001598171191290021 
635 1000 0.0014111290220171213 
636 1000 0.000822412665002048 
637 1000 0.0011959876865148544 
638 1000 0.0012467540800571442 
639 1000 0.0010720420395955443 
640 1000 0.0014687769580632448 
641 1000 0.0020346215460449457 
642 1000 0.0012181284837424755 
643 1000 0.000854835263453424 
644 1000 0.0019018599996343255 
645 1000 0.0009321635589003563 
646 1000 0.0008119802223518491 
647 1000 0.0014144325396046042 
648 1000 0.0022170045413076878 
649 1000 0.001242366386577487 
650 1000 0.0015395828522741795 
651 1000 0.0013023738283663988 
652 1000 0.0011747375829145312 
653 1000 0.0009054261026903987 
654 1000 0.001260583521798253 
655 1000 0.0012401416897773743 
656 1000 0.001287465333007276 
657 1000 0.0009892311645671725 
658 1000 0.0009406492463313043 
659 1000 0.00089178018970415 
660 1000 0.0012739603407680988 
661 1000 0.0006323703564703465 
662 1000 0.0009035257389768958 
663 1000 0.0012079905718564987 
664 1000 0.0012770839966833591 
665 1000 0.0014474252238869667 
666 1000 0.0014169851783663034 
667 1000 0.0008577292319387197 
668 1000 0.0007596199284307659 
669 1000 0.0007305576582439244 
670 1000 0.0009838240221142769 
671 1000 0.0010741441510617733 
672 1000 0.0011167178163304925 
673 1000 0.0010571778984740376 
674 1000 0.0016348357312381268 
675 1000 0.001565692713484168 
676 1000 0.0008600096916779876 
677 1000 0.0010809698142111301 
678 1000 0.0012924282345920801 
679 1000 0.0009026495972648263 
680 1000 0.001327052596025169 
681 1000 0.0011352739529684186 
682 1000 0.0020202328450977802 
683 1000 0.0008682311745360494 
684 1000 0.001245240680873394 
685 1000 0.0014159497804939747 
686 1000 0.0010014333529397845 
687 1000 0.0008755431044846773 
688 1000 0.0005007456056773663 
689 1000 0.0008613055106252432 
690 1000 0.001003142329864204 
691 1000 0.0014631233643740416 
692 1000 0.0007871048874221742 
693 1000 0.0010747481137514114 
694 1000 0.0009625888196751475 
695 1000 0.001027847989462316 
696 1000 0.0012776547810062766 
697 1000 0.001110583427362144 
698 1000 0.0009284274419769645 
699 1000 0.001138877123594284 
700 1000 0.001246582018211484 
701 1000 0.0014968104660511017 
702 1000 0.0010023496579378843 
703 1000 0.0011061971308663487 
704 1000 0.0013271835632622242 
705 1000 0.000653810566291213 
706 1000 0.0006911255186423659 
707 1000 0.0011726579396054149 
708 1000 0.0013544033281505108 
709 1000 0.0014568655751645565 
710 1000 0.00132664549164474 
711 1000 0.0012520281597971916 
712 1000 0.0008317071478813887 
713 1000 0.0007141617825254798 
714 1000 0.0005770979914814234 
715 1000 0.0011163223534822464 
716 1000 0.0004993697511963546 
717 1000 0.0009888192871585488 
718 1000 0.001407097326591611 
719 1000 0.0005397720378823578 
720 1000 0.001254410482943058 
721 1000 0.0015486793126910925 
722 1000 0.0007781243184581399 
723 1000 0.0011792420409619808 
724 1000 0.0008082246640697122 
725 1000 0.0008583535673096776 
726 1000 0.0008780925418250263 
727 1000 0.00128705776296556 
728 1000 0.0011364491656422615 
729 1000 0.001201849663630128 
730 1000 0.0013937720796093345 
731 1000 0.0013200201792642474 
732 1000 0.00113969249650836 
733 1000 0.0011452805483713746 
734 1000 0.0012483280152082443 
735 1000 0.001416125800460577 
736 1000 0.0012729486916214228 
737 1000 0.0010391647228971124 
738 1000 0.0007192284683696926 
739 1000 0.0013125976547598839 
740 1000 0.0006830771453678608 
741 1000 0.0009752920595929027 
742 1000 0.0008040241082198918 
743 1000 0.0008509476901963353 
744 1000 0.0008486059959977865 
745 1000 0.0008527521858923137 
746 1000 0.0011090263724327087 
747 1000 0.0014554457738995552 
748 1000 0.0008591876830905676 
749 1000 0.0009140499169006944 
750 1000 0.0007453457801602781 
751 1000 0.0014331392012536526 
752 1000 0.001139900996349752 
753 1000 0.0009734830819070339 
754 1000 0.0005332313594408333 
755 1000 0.0015355118084698915 
756 1000 0.001213802956044674 
757 1000 0.0009693385800346732 
758 1000 0.0009104159544222057 
759 1000 0.0013489164412021637 
760 1000 0.0010418407618999481 
761 1000 0.0007989102741703391 
762 1000 0.0008526574238203466 
763 1000 0.0009299142984673381 
764 1000 0.00048362836241722107 
765 1000 0.0011944054858759046 
766 1000 0.001008461695164442 
767 1000 0.001114487648010254 
768 1000 0.0016485711093991995 
769 1000 0.0009194679441861808 
770 1000 0.000984787940979004 
771 1000 0.0012615968007594347 
772 1000 0.0012140781618654728 
773 1000 0.001097781816497445 
774 1000 0.0007410079124383628 
775 1000 0.0007470417767763138 
776 1000 0.0015351595357060432 
777 1000 0.001381389331072569 
778 1000 0.0009324308484792709 
779 1000 0.0008535747765563428 
780 1000 0.001795212272554636 
781 1000 0.0010499288327991962 
782 1000 0.0005784310051240027 
783 1000 0.0013318948913365602 
784 1000 0.0007811706745997071 
785 1000 0.0013908494729548693 
786 1000 0.0009514210978522897 
787 1000 0.001276969676837325 
788 1000 0.0013395901769399643 
789 1000 0.0007228860631585121 
790 1000 0.0013127985876053572 
791 1000 0.0015343939885497093 
792 1000 0.001326732337474823 
793 1000 0.0013180871028453112 
794 1000 0.0008800329524092376 
795 1000 0.0012024423340335488 
796 1000 0.0011127101024612784 
797 1000 0.000696909730322659 
798 1000 0.0010378764709457755 
799 1000 0.0006025547627359629 
800 1000 0.0011955616064369678 
801 1000 0.0011251259129494429 
802 1000 0.0011177414562553167 
803 1000 0.0015465518226847053 
804 1000 0.001116149011068046 
805 1000 0.0027965554036200047 
806 1000 0.0010230004554614425 
807 1000 0.0013896783348172903 
808 1000 0.0009124021744355559 
809 1000 0.000767240475397557 
810 1000 0.0010006605880334973 
811 1000 0.0008618225110694766 
812 1000 0.0017034524353221059 
813 1000 0.0011478755623102188 
814 1000 0.0010331706143915653 
815 1000 0.0007809773087501526 
816 1000 0.0011677374131977558 
817 1000 0.001262976904399693 
818 1000 0.0008080279803834856 
819 1000 0.0012211005669087172 
820 1000 0.0011145881144329906 
821 1000 0.0008989686029963195 
822 1000 0.0011022047838196158 
823 1000 0.0011023501865565777 
824 1000 0.0008513837237842381 
825 1000 0.0007999244844540954 
826 1000 0.001116856699809432 
827 1000 0.0010128768626600504 
828 1000 0.0007349965162575245 
829 1000 0.0011698872549459338 
830 1000 0.0008685014909133315 
831 1000 0.0006935066776350141 
832 1000 0.0012001715367659926 
833 1000 0.0008414934854954481 
834 1000 0.0012907555792480707 
835 1000 0.000956196803599596 
836 1000 0.0013123871758580208 
837 1000 0.0006146145169623196 
838 1000 0.001143940258771181 
839 1000 0.0009461870649829507 
840 1000 0.0010867322562262416 
841 1000 0.0013396574649959803 
842 1000 0.0012399503029882908 
843 1000 0.0009275476913899183 
844 1000 0.0009639124618843198 
845 1000 0.0007237836252897978 
846 1000 0.0006862166337668896 
847 1000 0.0005246211076155305 
848 1000 0.000823877053335309 
849 1000 0.0013305299216881394 
850 1000 0.001079056179150939 
851 1000 0.0010556014021858573 
852 1000 0.000768968544434756 
853 1000 0.0007035749731585383 
854 1000 0.0010799728333950043 
855 1000 0.0007137057255022228 
856 1000 0.00041916590998880565 
857 1000 0.0012234675232321024 
858 1000 0.000652457179967314 
859 1000 0.0008035912760533392 
860 1000 0.0011681183241307735 
861 1000 0.0010343583999201655 
862 1000 0.001204140717163682 
863 1000 0.0007903014193288982 
864 1000 0.0007593947229906917 
865 1000 0.0007914454326964915 
866 1000 0.0005502087296918035 
867 1000 0.0007356733549386263 
868 1000 0.0015927134081721306 
869 1000 0.001012780936434865 
870 1000 0.0008111778879538178 
871 1000 0.0011752665741369128 
872 1000 0.0011470153694972396 
873 1000 0.0005093509098514915 
874 1000 0.0006236631306819618 
875 1000 0.0009239109349437058 
876 1000 0.0006370373885147274 
877 1000 0.0015857471153140068 
878 1000 0.0005949969054199755 
879 1000 0.0010236375965178013 
880 1000 0.0009201444336213171 
881 1000 0.0011527056340128183 
882 1000 0.0012865838361904025 
883 1000 0.0005384502583183348 
884 1000 0.0008207126520574093 
885 1000 0.0007313034147955477 
886 1000 0.0015420023119077086 
887 1000 0.0008682474144734442 
888 1000 0.0009912040550261736 
889 1000 0.0010918730404227972 
890 1000 0.00045409961603581905 
891 1000 0.0008004697738215327 
892 1000 0.0006583918584510684 
893 1000 0.0017218489665538073 
894 1000 0.0009088366059586406 
895 1000 0.0008979773265309632 
896 1000 0.0006653837044723332 
897 1000 0.0012648485135287046 
898 1000 0.0011889185989275575 
899 1000 0.0005112622166052461 
900 1000 0.0003934834385290742 
901 1000 0.0012386387679725885 
902 1000 0.001364371506497264 
903 1000 0.0013168863952159882 
904 1000 0.0006782732089050114 
905 1000 0.0007680825074203312 
906 1000 0.0010853606509044766 
907 1000 0.0010996824130415916 
908 1000 0.0006593498401343822 
909 1000 0.0008756692986935377 
910 1000 0.0012907262425869703 
911 1000 0.0013108588755130768 
912 1000 0.0013332952512428164 
913 1000 0.0010357751743867993 
914 1000 0.001130755990743637 
915 1000 0.0008343899389728904 
916 1000 0.0009667777339927852 
917 1000 0.0009437839034944773 
918 1000 0.0011238730512559414 
919 1000 0.0013177890796214342 
920 1000 0.0007799676968716085 
921 1000 0.0005177094717510045 
922 1000 0.0009644991951063275 
923 1000 0.0007116231136023998 
924 1000 0.0008256682776845992 
925 1000 0.0009717643260955811 
926 1000 0.0005701530608348548 
927 1000 0.001471730531193316 
928 1000 0.0006595706799998879 
929 1000 0.0005903978599235415 
930 1000 0.0010237011592835188 
931 1000 0.0008157613920047879 
932 1000 0.0006510938401333988 
933 1000 0.0009002075530588627 
934 1000 0.000841554079670459 
935 1000 0.0012826522579416633 
936 1000 0.0005714574363082647 
937 1000 0.0015089918160811067 
938 1000 0.0007967326673679054 
939 1000 0.0007288212655112147 
940 1000 0.0011397709604352713 
941 1000 0.0009818609105423093 
942 1000 0.0006174321752041578 
943 1000 0.0012206730898469687 
944 1000 0.0005966015160083771 
945 1000 0.0004172397020738572 
946 1000 0.0006170027190819383 
947 1000 0.0004297459381632507 
948 1000 0.0006948598893359303 
949 1000 0.0008378044003620744 
950 1000 0.0004933109739795327 
951 1000 0.0006631755386479199 
952 1000 0.001147658098489046 
953 1000 0.0008701071492396295 
954 1000 0.00107260188087821 
955 1000 0.000867039489094168 
956 1000 0.0009746291907504201 
957 1000 0.0004886484239250422 
958 1000 0.000996579066850245 
959 1000 0.0004975023330189288 
960 1000 0.001175579847767949 
961 1000 0.0008584994939155877 
962 1000 0.001302182674407959 
963 1000 0.0011670147068798542 
964 1000 0.0014947601594030857 
965 1000 0.0009326997678726912 
966 1000 0.0011066936422139406 
967 1000 0.0013090061256662011 
968 1000 0.00026628776686266065 
969 1000 0.001028412370942533 
970 1000 0.0008047296432778239 
971 1000 0.0006779808318242431 
972 1000 0.0015785369323566556 
973 1000 0.0009231028379872441 
974 1000 0.001575286965817213 
975 1000 0.0012281700037419796 
976 1000 0.0010838934686034918 
977 1000 0.001198122976347804 
978 1000 0.0007982300594449043 
979 1000 0.0007759890286251903 
980 1000 0.0014687897637486458 
981 1000 0.00042266387026757 
982 1000 0.0009450822253711522 
983 1000 0.000560815678909421 
984 1000 0.0009296180214732885 
985 1000 0.0010161789832636714 
986 1000 0.0006845299503766 
987 1000 0.0006395376985892653 
988 1000 0.0008253586711362004 
989 1000 0.0008790047140792012 
990 1000 0.0009195555467158556 
991 1000 0.0007859403267502785 
992 1000 0.0010436972370371222 
993 1000 0.0007120507070794702 
994 1000 0.0008236932335421443 
995 1000 0.0008778686169534922 
996 1000 0.0007333034882321954 
997 1000 0.0006679196376353502 
998 1000 0.0008479858515784144 
999 1000 0.00046865755575709045 
